dmbounds/bounds/hawc/hawc_2018_multidsph_dec_tautau.ecsv
# %ECSV 0.9
# %Part of https://github.com/moritzhuetten/DMbounds under the 
# %Creative Commons Attribution-NonCommercial-ShareAlike 3.0 Unported License, see LICENSE.rst 
# ---
# datatype:
# - {name: mass      , unit: TeV     , datatype: float32 , description: DM mass              }
# - {name: tau       , unit: s       , datatype: float32 , description: Lifetime             }
# meta: !!omap
# - {reference:        "Dark Matter Limits From Dwarf Spheroidal Galaxies with The HAWC Gamma-Ray Observatory"}
# - {doi:              "10.3847/1538-4357/aaa6d8"}
# - {arxiv:            "1706.01277"}
# - {instrument:       "hawc"}
# - {year:             "2018"}
# - {source:           "multidsph-15"}
# - {channel:          "tautau"}
# - {confidence        "0.95" }
# - {dmfraction:       "1"}
# - {obs_time:         "507d"}
# - {figure:           "Fig. 5"}
# - {comment:          ""}
# - {status:           ""}
# schema : astropy −2.0

mass tau

1.006e+0 1.064e+25
1.056e+0 1.272e+25
1.090e+0 1.419e+25
1.125e+0 1.586e+25
1.161e+0 1.771e+25
1.198e+0 1.975e+25
1.236e+0 2.205e+25
1.276e+0 2.439e+25
1.317e+0 2.602e+25
1.359e+0 2.767e+25
1.403e+0 2.949e+25
1.448e+0 3.140e+25
1.495e+0 3.344e+25
1.543e+0 3.556e+25
1.592e+0 3.680e+25
1.643e+0 3.803e+25
1.696e+0 3.907e+25
1.750e+0 4.043e+25
1.807e+0 4.152e+25
1.865e+0 4.300e+25
1.924e+0 4.456e+25
1.986e+0 4.715e+25
2.050e+0 4.974e+25
2.116e+0 5.255e+25
2.184e+0 5.544e+25
2.254e+0 5.854e+25
2.326e+0 6.189e+25
2.401e+0 6.530e+25
2.478e+0 6.899e+25
2.558e+0 7.273e+25
2.640e+0 7.690e+25
2.725e+0 8.107e+25
2.812e+0 8.559e+25
2.902e+0 8.915e+25
2.996e+0 9.167e+25
3.092e+0 9.419e+25
3.191e+0 9.706e+25
3.294e+0 9.980e+25
3.399e+0 1.025e+26
3.508e+0 1.055e+26
3.621e+0 1.082e+26
3.737e+0 1.108e+26
3.857e+0 1.134e+26
3.981e+0 1.161e+26
4.109e+0 1.191e+26
4.241e+0 1.222e+26
4.377e+0 1.251e+26
4.518e+0 1.279e+26
4.663e+0 1.310e+26
4.813e+0 1.341e+26
4.967e+0 1.371e+26
5.127e+0 1.402e+26
5.291e+0 1.445e+26
5.461e+0 1.496e+26
5.637e+0 1.552e+26
5.818e+0 1.609e+26
6.004e+0 1.668e+26
6.197e+0 1.730e+26
6.396e+0 1.793e+26
6.602e+0 1.837e+26
6.814e+0 1.875e+26
7.032e+0 1.920e+26
7.258e+0 1.964e+26
7.491e+0 2.007e+26
7.732e+0 2.055e+26
7.980e+0 2.096e+26
8.236e+0 2.134e+26
8.501e+0 2.174e+26
8.774e+0 2.215e+26
9.056e+0 2.247e+26
9.346e+0 2.295e+26
9.647e+0 2.342e+26
9.956e+0 2.379e+26
1.028e+1 2.425e+26
1.061e+1 2.472e+26
1.095e+1 2.517e+26
1.130e+1 2.553e+26
1.166e+1 2.606e+26
1.204e+1 2.661e+26
1.242e+1 2.699e+26
1.282e+1 2.756e+26
1.323e+1 2.809e+26
1.366e+1 2.856e+26
1.410e+1 2.903e+26
1.455e+1 2.974e+26
1.502e+1 3.043e+26
1.550e+1 3.116e+26
1.600e+1 3.199e+26
1.651e+1 3.266e+26
1.704e+1 3.359e+26
1.759e+1 3.441e+26
1.815e+1 3.518e+26
1.873e+1 3.615e+26
1.934e+1 3.693e+26
1.996e+1 3.795e+26
2.060e+1 3.891e+26
2.126e+1 3.978e+26
2.194e+1 4.082e+26
2.265e+1 4.173e+26
2.337e+1 4.279e+26
2.412e+1 4.399e+26
2.490e+1 4.498e+26
2.570e+1 4.615e+26
2.652e+1 4.722e+26
2.737e+1 4.841e+26
2.825e+1 4.960e+26
2.916e+1 5.075e+26
3.010e+1 5.215e+26
3.106e+1 5.343e+26
3.206e+1 5.474e+26
3.309e+1 5.613e+26
3.415e+1 5.742e+26
3.525e+1 5.888e+26
3.638e+1 6.037e+26
3.755e+1 6.190e+26
3.876e+1 6.337e+26
4.000e+1 6.465e+26
4.129e+1 6.601e+26
4.261e+1 6.700e+26
4.398e+1 6.831e+26
4.539e+1 6.959e+26
4.685e+1 7.069e+26
4.835e+1 7.202e+26
4.991e+1 7.316e+26
5.151e+1 7.463e+26
5.316e+1 7.576e+26
5.487e+1 7.735e+26
5.663e+1 7.874e+26
5.845e+1 8.004e+26
6.033e+1 8.073e+26
6.227e+1 8.219e+26
6.426e+1 8.260e+26
6.633e+1 8.379e+26
6.846e+1 8.445e+26
7.066e+1 8.560e+26
7.293e+1 8.597e+26
7.527e+1 8.758e+26
7.768e+1 8.790e+26
8.018e+1 8.922e+26
8.275e+1 8.993e+26
8.541e+1 9.116e+26
8.815e+1 9.161e+26
9.098e+1 9.326e+26
9.391e+1 9.393e+26
9.692e+1 9.528e+26
9.987e+1 9.542e+26