dmbounds/bounds/magic/magic_2022_multidsph_ann_WW.ecsv
# %ECSV 0.9
# %Part of https://github.com/moritzhuetten/DMbounds under the 
# %Creative Commons Attribution-NonCommercial-ShareAlike 3.0 Unported License, see LICENSE.rst 
# ---
# datatype:
# - {name: mass      , unit: GeV     , datatype: float32 , description: DM mass              }
# - {name: sigmav    , unit: cm3s-1  , datatype: float32 , description: <sigmav>             }
# meta: !!omap
# - {reference:        "Combined searches for dark matter in dwarf spheroidal galaxies observed with the MAGIC telescopes, including new data from Coma Berenices and Draco"}
# - {doi:              "10.1016/j.dark.2021.100912"}
# - {arxiv:            "2111.15009"}
# - {instrument:       "magic"}
# - {year:             "2022"}
# - {source:           "multidsph-4"}
# - {channel:          "WW"}
# - {confidence        "0.95" }
# - {dmfraction:       "1"}
# - {obs_time:         "354.4h"}
# - {figure:           "Fig. 4"}
# - {comment:          ""}
# - {status:           ""}
# schema : astropy −2.0

mass sigmav
91.8831   1.02146e-22
90.2971   1.23360e-22
95.2666   8.43587e-23
97.5912   7.02731e-23
100.241   5.92160e-23
103.238   5.06637e-23
106.897   4.29110e-23
111.578   3.56462e-23
116.776   3.06039e-23
122.874   2.59303e-23
130.332   2.20583e-23
138.244   1.95072e-23
146.636   1.79855e-23
155.537   1.70171e-23
164.978   1.60547e-23
174.993   1.50166e-23
185.615   1.40255e-23
196.882   1.31092e-23
208.834   1.22439e-23
221.510   1.13866e-23
234.957   1.04983e-23
249.219   9.62389e-24
264.347   8.81593e-24
280.394   8.10488e-24
297.415   7.45117e-24
315.468   6.83544e-24
334.618   6.31129e-24
354.930   5.87358e-24
376.475   5.56534e-24
399.328   5.31513e-24
423.569   5.12751e-24
449.280   4.94651e-24
476.553   4.73772e-24
505.481   4.53775e-24
536.165   4.34309e-24
568.711   4.15978e-24
603.233   3.98420e-24
639.851   3.84080e-24
678.692   3.74808e-24
719.890   3.70256e-24
763.589   3.68662e-24
809.941   3.71856e-24
859.106   3.80234e-24
911.256   3.91606e-24
966.572   4.10631e-24
1025.24   4.29961e-24
1087.48   4.48264e-24
1153.49   4.67682e-24
1223.51   4.85144e-24
1297.78   4.99653e-24
1376.56   5.09444e-24
1455.78   5.19759e-24
1558.12   5.17936e-24
1642.77   5.01452e-24
1742.49   4.97861e-24
1848.26   4.86891e-24
1960.46   4.75820e-24
2079.46   4.69366e-24
2205.69   4.64333e-24
2339.58   4.59354e-24
2481.60   4.56392e-24
2632.24   4.62335e-24
2792.02   4.71056e-24
2961.50   4.80632e-24
3141.27   4.98936e-24
3331.96   5.20923e-24
3534.22   5.44270e-24
3748.75   5.68256e-24
3976.31   5.92446e-24
4217.68   6.08850e-24
4473.70   6.23912e-24
4745.27   6.39807e-24
5033.32   6.56578e-24
5338.85   6.74758e-24
5662.94   6.93940e-24
6006.69   7.11618e-24
6371.31   7.19332e-24
6758.07   7.23480e-24
7168.30   7.30272e-24
7603.43   7.36068e-24
8064.98   7.45117e-24
8554.54   7.63002e-24
9073.82   7.84693e-24
9624.63   8.15161e-24
10208.9   8.54763e-24
10828.6   9.09265e-24
11485.9   9.65159e-24
12183.1   1.02670e-23
12922.7   1.09295e-23
13707.1   1.16264e-23
14539.2   1.23767e-23
15421.7   1.31564e-23
16357.9   1.39150e-23
17350.8   1.47492e-23
18404.1   1.56221e-23
19521.2   1.65230e-23
20706.2   1.74256e-23
21963.1   1.82984e-23
23296.3   1.92150e-23
24710.5   2.01774e-23
26210.5   2.11577e-23
27801.5   2.22175e-23
29489.1   2.33303e-23
31279.2   2.44461e-23
33177.9   2.55235e-23
35191.9   2.66674e-23
37328.2   2.78426e-23
39594.1   2.90905e-23
41997.5   3.03725e-23
44546.9   3.17337e-23
47251.0   3.31322e-23
50119.2   3.46172e-23
53161.6   3.62468e-23
56388.6   3.80350e-23
59811.6   3.98828e-23
63442.3   4.18203e-23
67293.4   4.39151e-23
71378.3   4.60485e-23
75711.1   4.83203e-23
80307.0   5.07042e-23
85181.8   5.31674e-23
90110.8   5.56863e-23
