dmbounds/bounds/magic/magic_2022_multidsph_ann_ZZ.ecsv
# %ECSV 0.9
# %Part of https://github.com/moritzhuetten/DMbounds under the 
# %Creative Commons Attribution-NonCommercial-ShareAlike 3.0 Unported License, see LICENSE.rst 
# ---
# datatype:
# - {name: mass      , unit: GeV     , datatype: float32 , description: DM mass              }
# - {name: sigmav    , unit: cm3s-1  , datatype: float32 , description: <sigmav>             }
# meta: !!omap
# - {reference:        "Combined searches for dark matter in dwarf spheroidal galaxies observed with the MAGIC telescopes, including new data from Coma Berenices and Draco"}
# - {doi:              "10.1016/j.dark.2021.100912"}
# - {arxiv:            "2111.15009"}
# - {instrument:       "magic"}
# - {year:             "2022"}
# - {source:           "multidsph-4"}
# - {channel:          "ZZ"}
# - {confidence        "0.95" }
# - {dmfraction:       "1"}
# - {obs_time:         "354.4h"}
# - {figure:           "Fig. 4"}
# - {comment:          ""}
# - {status:           ""}
# schema : astropy −2.0

mass sigmav
100.608   1.12477e-22
103.617   9.32315e-23
106.716   7.63237e-23
109.908   6.28147e-23
113.499   5.34932e-23
118.153   4.47500e-23
124.657   3.67553e-23
132.225   3.07769e-23
140.252   2.67585e-23
148.768   2.36354e-23
157.800   2.13419e-23
167.380   1.94611e-23
177.542   1.78099e-23
188.321   1.65942e-23
199.755   1.55061e-23
211.882   1.45518e-23
224.746   1.37449e-23
238.391   1.31046e-23
252.864   1.25120e-23
268.216   1.19635e-23
284.500   1.14966e-23
301.773   1.10798e-23
320.095   1.05788e-23
339.528   1.00860e-23
360.142   9.60232e-24
382.007   9.15498e-24
405.200   8.76619e-24
429.800   8.36380e-24
455.895   7.99711e-24
483.573   7.63003e-24
512.932   7.29551e-24
544.074   6.99070e-24
577.106   6.72758e-24
612.143   6.48366e-24
649.308   6.26207e-24
688.729   6.07419e-24
730.544   5.90890e-24
774.897   5.73573e-24
821.943   5.57965e-24
871.845   5.45518e-24
924.777   5.34885e-24
980.923   5.27861e-24
1040.48   5.19807e-24
1103.65   5.10041e-24
1170.65   5.04067e-24
1241.73   4.98879e-24
1317.11   4.93390e-24
1397.08   4.92187e-24
1481.90   4.92046e-24
1571.87   4.94741e-24
1667.30   4.98883e-24
1768.53   5.02697e-24
1875.90   5.08730e-24
1989.79   5.15575e-24
2110.60   5.25524e-24
2238.73   5.36050e-24
2374.65   5.47180e-24
2518.83   5.59747e-24
2671.75   5.75489e-24
2833.96   5.91249e-24
3006.02   6.08751e-24
3188.52   6.29479e-24
3382.10   6.49979e-24
3587.44   6.72111e-24
3805.24   6.93998e-24
4036.27   7.17629e-24
4281.32   7.43666e-24
4541.25   7.71756e-24
4816.96   7.98608e-24
5109.41   8.29369e-24
5419.61   8.58842e-24
5748.65   8.91923e-24
6097.67   9.16349e-24
6467.87   9.62648e-24
6860.55   9.98291e-24
7277.07   1.03749e-23
7718.88   1.07590e-23
8187.52   1.11815e-23
8684.60   1.16122e-23
9211.87   1.20508e-23
9771.14   1.25060e-23
10364.4   1.29877e-23
10993.6   1.34782e-23
11661.1   1.39873e-23
12369.0   1.44948e-23
13120.0   1.50531e-23
13916.6   1.55993e-23
14761.5   1.61769e-23
15657.7   1.67397e-23
16608.3   1.73346e-23
17616.6   1.79377e-23
18686.2   1.85752e-23
19820.6   1.92215e-23
21024.0   1.98760e-23
22300.4   2.05233e-23
23654.3   2.12221e-23
25090.5   2.19289e-23
26613.8   2.26593e-23
28229.6   2.34141e-23
29943.4   2.41592e-23
31761.4   2.50178e-23
33689.7   2.58882e-23
35735.1   2.67890e-23
37904.7   2.77410e-23
40205.9   2.87062e-23
42647.0   2.97263e-23
45236.2   3.07606e-23
47982.6   3.18309e-23
50895.7   3.30807e-23
53985.7   3.45281e-23
57263.3   3.60648e-23
60739.9   3.76428e-23
64427.6   3.93180e-23
68339.2   4.10974e-23
72488.2   4.30190e-23
76889.2   4.49336e-23
81557.3   4.68996e-23
86508.8   4.89868e-23
91270.7   5.09279e-23

