dmbounds/bounds/magic/magic_2022_draco_ann_mumu.ecsv
# %ECSV 0.9
# %Part of https://github.com/moritzhuetten/DMbounds under the 
# %Creative Commons Attribution-NonCommercial-ShareAlike 3.0 Unported License, see LICENSE.rst 
# ---
# datatype:
# - {name: mass      , unit: GeV     , datatype: float32 , description: DM mass              }
# - {name: sigmav    , unit: cm3s-1  , datatype: float32 , description: <sigmav>             }
# meta: !!omap
# - {reference:        "Combined searches for dark matter in dwarf spheroidal galaxies observed with the MAGIC telescopes, including new data from Coma Berenices and Draco"}
# - {doi:              "10.1016/j.dark.2021.100912"}
# - {arxiv:            "2111.15009"}
# - {instrument:       "magic"}
# - {year:             "2022"}
# - {source:           "draco"}
# - {channel:          "mumu"}
# - {confidence        "0.95" }
# - {dmfraction:       "1"}
# - {obs_time:         "h"}
# - {figure:           "Fig. 4"}
# - {comment:          ""}
# - {status:           ""}
# schema : astropy −2.0

mass sigmav
72.8205   2.26949e-22
77.9869   2.06895e-22
82.8073   1.91350e-22
90.2150   1.80546e-22
95.6887   1.74891e-22
101.494   1.62285e-22
108.134   1.47084e-22
114.695   1.38488e-22
122.198   1.36003e-22
128.117   1.38782e-22
138.461   1.44765e-22
147.256   1.42260e-22
156.191   1.37878e-22
168.802   1.30868e-22
175.719   1.29261e-22
186.880   1.24133e-22
198.750   1.22871e-22
210.809   1.17685e-22
227.830   1.10090e-22
237.167   1.07961e-22
251.556   1.01584e-22
269.259   9.46872e-23
285.596   9.04764e-23
305.859   8.39988e-23
323.920   7.77493e-23
344.627   7.05060e-23
366.657   6.42990e-23
390.872   5.85201e-23
402.832   5.55579e-23
422.129   5.23078e-23
449.744   4.76114e-23
478.567   4.30580e-23
486.615   3.66824e-23
516.930   3.30879e-23
550.746   3.01433e-23
559.166   2.65692e-23
592.035   2.57169e-23
630.765   2.35856e-23
672.028   2.21678e-23
706.154   2.23008e-23
748.999   2.20883e-23
784.929   2.23711e-23
832.554   2.30346e-23
902.187   2.37487e-23
939.158   2.39286e-23
1010.65   2.49106e-23
1080.70   2.72525e-23
1148.02   3.01125e-23
1184.60   3.37783e-23
1244.99   3.64789e-23
1298.49   4.18197e-23
1376.46   4.73138e-23
1463.78   5.29560e-23
1513.93   5.65096e-23
1642.39   7.08154e-23
1744.54   7.94586e-23
1858.90   8.93469e-23
1971.68   9.86925e-23
2110.06   1.08403e-22
2242.09   1.19710e-22
2395.16   1.29719e-22
2563.26   1.42483e-22
2706.68   1.50796e-22
2883.74   1.65392e-22
3068.56   1.78183e-22
3254.74   1.87469e-22
3441.14   1.97916e-22
3661.67   2.07845e-22
3907.83   2.23128e-22
4144.93   2.34942e-22
4397.60   2.51019e-22
4619.68   2.59765e-22
4947.43   2.76987e-22
5247.61   2.90962e-22
5566.00   3.05160e-22
5902.13   3.14541e-22
6201.84   3.25174e-22
6756.64   3.27418e-22
7166.59   3.27512e-22
7621.80   3.32823e-22
8281.41   3.28449e-22
8597.73   3.27803e-22
9168.35   3.28770e-22
9724.63   3.24567e-22
10342.3   3.22960e-22
11237.4   3.21703e-22
11666.6   3.20610e-22
12440.9   3.19868e-22
13195.7   3.30222e-22
13996.4   3.43613e-22
15248.4   3.55182e-22
16058.6   3.78997e-22
16791.4   3.71185e-22
19403.4   4.23946e-22
20580.7   4.33010e-22
21927.0   4.89277e-22
23371.9   5.19617e-22
24796.6   5.64454e-22
26612.8   6.55436e-22
27777.6   6.73984e-22
29305.7   7.62492e-22
31460.5   8.20849e-22
33834.2   9.60286e-22
35050.5   9.97611e-22
36305.8   1.03025e-21
38200.6   1.18127e-21
41119.4   1.26869e-21
44221.8   1.48420e-21
45811.5   1.54015e-21
47452.3   1.58731e-21
49928.8   1.82575e-21
53743.8   1.95700e-21
57798.7   2.30909e-21
59876.4   2.38849e-21
62021.0   2.47276e-21
65083.3   2.85541e-21
70400.9   3.05874e-21
75915.6   3.63530e-21
76507.3   3.79074e-21
84837.4   4.47165e-21
