dmbounds/bounds/magic/magic_2022_segue1_ann_mumu.ecsv
# %ECSV 0.9
# %Part of https://github.com/moritzhuetten/DMbounds under the 
# %Creative Commons Attribution-NonCommercial-ShareAlike 3.0 Unported License, see LICENSE.rst 
# ---
# datatype:
# - {name: mass      , unit: GeV     , datatype: float32 , description: DM mass              }
# - {name: sigmav    , unit: cm3s-1  , datatype: float32 , description: <sigmav>             }
# meta: !!omap
# - {reference:        "Combined searches for dark matter in dwarf spheroidal galaxies observed with the MAGIC telescopes, including new data from Coma Berenices and Draco"}
# - {doi:              "10.1016/j.dark.2021.100912"}
# - {arxiv:            "2111.15009"}
# - {instrument:       "magic"}
# - {year:             "2022"}
# - {source:           "segue1"}
# - {channel:          "mumu"}
# - {confidence        "0.95" }
# - {dmfraction:       "1"}
# - {obs_time:         "h"}
# - {figure:           "Fig. 4"}
# - {comment:          ""}
# - {status:           ""}
# schema : astropy −2.0

mass sigmav
71.2773   7.97255e-24
75.1982   7.19813e-24
79.0168   6.26555e-24
84.2611   6.02500e-24
91.3697   6.20232e-24
96.1289   6.68407e-24
101.704   7.75145e-24
107.697   9.35549e-24
104.808   7.85684e-24
113.996   1.12504e-23
119.662   1.28500e-23
126.639   1.40471e-23
136.255   1.43321e-23
146.638   1.39230e-23
155.297   1.31932e-23
166.013   1.17770e-23
175.484   1.08755e-23
186.780   9.62800e-24
197.424   8.83673e-24
209.011   7.68674e-24
221.811   7.13776e-24
234.850   6.28515e-24
249.767   5.97788e-24
264.887   5.29503e-24
282.252   5.18792e-24
307.501   5.16421e-24
336.808   5.23664e-24
367.724   5.32749e-24
404.067   5.26029e-24
429.157   5.31051e-24
459.892   5.11571e-24
492.608   4.98236e-24
529.254   4.96578e-24
581.561   5.04579e-24
632.617   5.34764e-24
672.542   5.52081e-24
716.246   6.27362e-24
757.064   6.84853e-24
801.923   7.97521e-24
843.774   8.80354e-24
887.809   1.02939e-23
936.647   1.15179e-23
988.171   1.34984e-23
1042.53   1.48090e-23
1105.19   1.69150e-23
1171.08   1.86237e-23
1241.54   2.07060e-23
1320.70   2.13626e-23
1429.88   2.27637e-23
1518.67   2.27854e-23
1629.47   2.36640e-23
1736.22   2.31174e-23
1878.91   2.29747e-23
2057.99   2.24471e-23
2254.13   2.19027e-23
2461.04   2.18776e-23
2695.59   2.14766e-23
2952.50   2.09503e-23
3233.89   2.08606e-23
3542.10   2.06079e-23
3774.15   2.08187e-23
4071.24   2.05808e-23
4459.26   2.05986e-23
4884.25   2.06403e-23
5204.23   2.06875e-23
5576.94   2.14850e-23
5973.67   2.18686e-23
6438.73   2.28713e-23
6836.71   2.33093e-23
7349.81   2.43823e-23
7818.15   2.49529e-23
8402.66   2.66111e-23
8966.05   2.76131e-23
9550.46   3.00674e-23
10158.0   3.13666e-23
10860.2   3.45766e-23
11551.2   3.64231e-23
12286.4   4.06958e-23
13065.2   4.34047e-23
13896.8   4.86547e-23
14777.6   5.18999e-23
15718.2   5.84257e-23
16701.7   6.31249e-23
17799.6   7.14008e-23
18833.1   7.58945e-23
20001.2   8.58122e-23
21214.8   9.18333e-23
22651.1   1.04374e-22
23964.8   1.12367e-22
25451.3   1.26923e-22
27043.8   1.37267e-22
28821.5   1.55655e-22
30465.8   1.67802e-22
32426.9   1.89584e-22
34307.7   2.03918e-22
36481.2   2.32534e-22
38715.4   2.49774e-22
40991.2   2.83318e-22
43556.0   3.07450e-22
46419.1   3.48063e-22
49114.3   3.71734e-22
52149.1   4.23204e-22
55255.0   4.55129e-22
59067.6   5.14362e-22
62497.3   5.48518e-22
66373.8   6.18723e-22
70526.7   6.68560e-22
75162.8   7.56127e-22
79526.9   8.03917e-22
84459.7   9.09541e-22
89744.3   9.84420e-22
95643.6   1.11690e-21
99090.2   1.10977e-21
