dmbounds/bounds/magic/magic_2022_comaberenices_ann_mumu.ecsv
# %ECSV 0.9
# %Part of https://github.com/moritzhuetten/DMbounds under the 
# %Creative Commons Attribution-NonCommercial-ShareAlike 3.0 Unported License, see LICENSE.rst 
# ---
# datatype:
# - {name: mass      , unit: GeV     , datatype: float32 , description: DM mass              }
# - {name: sigmav    , unit: cm3s-1  , datatype: float32 , description: <sigmav>             }
# meta: !!omap
# - {reference:        "Combined searches for dark matter in dwarf spheroidal galaxies observed with the MAGIC telescopes, including new data from Coma Berenices and Draco"}
# - {doi:              "10.1016/j.dark.2021.100912"}
# - {arxiv:            "2111.15009"}
# - {instrument:       "magic"}
# - {year:             "2022"}
# - {source:           "comaberenices"}
# - {channel:          "mumu"}
# - {confidence        "0.95" }
# - {dmfraction:       "1"}
# - {obs_time:         "h"}
# - {figure:           "Fig. 4"}
# - {comment:          ""}
# - {status:           ""}
# schema : astropy −2.0

mass sigmav
72.0448   9.89400e-23
74.9971   9.78474e-23
82.8073   9.32163e-23
86.2007   9.54342e-23
96.2025   1.05084e-22
99.8770   1.06241e-22
112.365   1.05390e-22
116.656   1.05763e-22
129.844   9.66946e-23
135.165   9.52673e-23
150.042   8.28113e-23
156.191   8.17353e-23
173.382   7.15859e-23
180.487   7.08207e-23
198.219   5.91016e-23
206.342   5.73790e-23
225.403   4.70401e-23
235.269   4.57779e-23
260.467   3.91182e-23
271.140   3.87210e-23
302.600   3.70959e-23
314.158   3.71027e-23
353.437   3.77147e-23
365.956   3.77211e-23
410.610   3.85636e-23
426.294   3.86537e-23
471.950   4.40993e-23
489.977   4.55330e-23
536.675   5.58758e-23
558.667   5.74315e-23
613.552   6.90432e-23
638.695   7.09782e-23
708.996   7.87866e-23
738.050   7.76235e-23
819.286   6.96886e-23
852.859   6.91419e-23
956.926   6.50059e-23
993.477   6.48315e-23
1117.69   6.28979e-23
1157.28   6.21237e-23
1298.49   6.09441e-23
1348.09   6.00006e-23
1508.54   6.17372e-23
1566.16   6.19704e-23
1752.56   6.48715e-23
1824.38   6.51525e-23
2036.06   7.11636e-23
2119.50   7.16773e-23
2365.42   7.90241e-23
2455.77   8.03729e-23
2704.26   9.39355e-23
2822.63   9.63859e-23
3108.25   1.16158e-22
3226.97   1.19105e-22
3553.50   1.43944e-22
3699.12   1.47395e-22
4062.53   1.74452e-22
4229.01   1.72712e-22
4770.51   1.72225e-22
4939.49   1.71146e-22
5542.21   1.77370e-22
5753.90   1.77232e-22
6438.73   1.85707e-22
6684.66   1.86944e-22
7480.28   1.96540e-22
7765.99   1.98229e-22
8690.31   2.12379e-22
9046.43   2.12840e-22
10096.1   2.33984e-22
10481.7   2.37409e-22
11666.6   2.61317e-22
12144.7   2.65337e-22
13553.8   2.96921e-22
14109.2   2.99494e-22
15662.2   3.42489e-22
16260.5   3.49336e-22
18002.0   4.03635e-22
18739.7   4.12054e-22
20691.2   4.81881e-22
21539.1   4.95386e-22
23782.2   5.95454e-22
24690.6   6.11439e-22
27189.0   7.33140e-22
28227.5   7.53182e-22
31083.7   9.06559e-22
32357.5   9.27796e-22
35536.4   1.12503e-21
36992.7   1.15345e-21
40627.0   1.39314e-21
42291.8   1.42834e-21
46446.7   1.73011e-21
48350.1   1.77573e-21
53100.1   2.14550e-21
55276.1   2.19891e-21
60706.6   2.65872e-21
63194.4   2.72295e-21
69402.8   3.29706e-21
72246.8   3.37854e-21
79344.6   4.08867e-21
82596.1   4.19197e-21
