dmbounds/bounds/magic/magic_2022_multidsph_ann_hh.ecsv
# %ECSV 0.9
# %Part of https://github.com/moritzhuetten/DMbounds under the 
# %Creative Commons Attribution-NonCommercial-ShareAlike 3.0 Unported License, see LICENSE.rst 
# ---
# datatype:
# - {name: mass      , unit: GeV     , datatype: float32 , description: DM mass              }
# - {name: sigmav    , unit: cm3s-1  , datatype: float32 , description: <sigmav>             }
# meta: !!omap
# - {reference:        "Combined searches for dark matter in dwarf spheroidal galaxies observed with the MAGIC telescopes, including new data from Coma Berenices and Draco"}
# - {doi:              "10.1016/j.dark.2021.100912"}
# - {arxiv:            "2111.15009"}
# - {instrument:       "magic"}
# - {year:             "2022"}
# - {source:           "multidsph-4"}
# - {channel:          "hh"}
# - {confidence        "0.95" }
# - {dmfraction:       "1"}
# - {obs_time:         "354.4h"}
# - {figure:           "Fig. 4"}
# - {comment:          ""}
# - {status:           ""}
# schema : astropy −2.0

mass sigmav
132.288   2.44422e-23
139.187   2.96582e-23
148.419   3.47612e-23
157.419   3.53888e-23
166.965   3.21350e-23
177.089   2.81722e-23
187.827   2.41720e-23
199.216   2.05177e-23
211.296   1.75791e-23
224.109   1.52791e-23
237.698   1.35983e-23
252.111   1.23392e-23
267.398   1.14403e-23
283.613   1.08533e-23
300.810   1.05054e-23
319.050   1.02640e-23
338.397   1.00497e-23
358.916   9.83989e-24
380.680   9.60685e-24
403.763   9.33904e-24
428.246   9.02024e-24
454.214   8.66245e-24
481.756   8.29501e-24
510.968   7.97743e-24
541.952   7.76061e-24
574.814   7.62044e-24
609.670   7.52049e-24
646.638   7.47530e-24
685.848   7.47317e-24
727.436   7.51405e-24
771.546   7.58775e-24
818.330   7.63474e-24
867.952   7.71516e-24
920.582   7.80203e-24
976.403   7.94670e-24
1035.61   7.96155e-24
1098.41   7.87971e-24
1165.01   7.83237e-24
1235.65   7.71301e-24
1310.58   7.56284e-24
1390.05   7.40496e-24
1474.34   7.23998e-24
1563.74   7.08375e-24
1658.56   6.94583e-24
1759.13   6.82528e-24
1865.80   6.73092e-24
1978.93   6.65695e-24
2098.93   6.58852e-24
2226.20   6.58664e-24
2361.19   6.58004e-24
2504.37   6.54990e-24
2656.23   6.59992e-24
2817.29   6.67423e-24
2988.13   6.74454e-24
3169.32   6.85482e-24
3361.50   6.98193e-24
3565.33   7.10629e-24
3781.52   7.23806e-24
4010.82   7.38286e-24
4254.02   7.55763e-24
4511.98   7.74765e-24
4785.57   7.94815e-24
5075.75   8.15383e-24
5383.53   8.40696e-24
5709.97   8.66796e-24
6056.21   8.93705e-24
6423.44   9.24099e-24
6812.94   9.54156e-24
7226.06   9.87314e-24
7664.22   1.02236e-23
8128.96   1.06016e-23
8621.88   1.10016e-23
9144.68   1.14248e-23
9699.19   1.18729e-23
10287.3   1.23473e-23
10911.1   1.28500e-23
11572.7   1.33635e-23
12274.5   1.39175e-23
13018.8   1.44737e-23
13808.2   1.50737e-23
14645.5   1.56873e-23
15533.5   1.63142e-23
16475.4   1.69661e-23
17474.5   1.76315e-23
18534.1   1.83361e-23
19657.9   1.90688e-23
20849.9   1.98024e-23
22114.2   2.05495e-23
23455.1   2.12789e-23
24877.4   2.20975e-23
26385.9   2.29311e-23
27985.8   2.37791e-23
29682.8   2.46585e-23
31482.7   2.55154e-23
33391.7   2.64210e-23
35416.5   2.73392e-23
37564.1   2.82893e-23
39841.8   2.92934e-23
42257.7   3.03113e-23
44820.1   3.13872e-23
47537.9   3.24779e-23
50420.4   3.36307e-23
53477.8   3.49746e-23
56720.5   3.63984e-23
60159.9   3.78801e-23
63807.8   3.93939e-23
67677.0   4.10270e-23
71780.7   4.26665e-23
76133.3   4.44034e-23
80749.8   4.62110e-23
85646.2   4.80922e-23
90839.5   5.00500e-23
