bounds/magic/magic_2022_coma_ann_ee.ecsv
# %ECSV 0.9
# %Part of https://github.com/moritzhuetten/DMbounds under the 
# %Creative Commons Attribution-NonCommercial-ShareAlike 3.0 Unported License, see LICENSE.rst 
# ---
# datatype:
# - {name: mass      , unit: TeV     , datatype: float32 , description: DM mass              }
# - {name: sigmav    , unit: cm3s-1  , datatype: float32 , description: <sigmav>             }
# meta: !!omap
# - {reference:        "Combined searches for dark matter in dwarf spheroidal galaxies observed with the MAGIC telescopes, including new data from Coma Berenices and Draco"}
# - {doi:              "10.1016/j.dark.2021.100912"}
# - {arxiv:            "2111.15009"}
# - {instrument:       "MAGIC"}
# - {year:             "2022"}
# - {source:           "coma"}
# - {channel:          "ee"}
# - {confidence        "0.95" }
# - {dmfraction:       "1"}
# - {obs_hours:        ""}
# - {figure:           "Fig. 4"}
# - {comment:          ""}
# - {status:           ""}
# schema : astropy −2.0

mass sigmav
71.4113   5.44926e-23
74.3384   5.37372e-23
82.5226   5.26876e-23
85.9051   5.38835e-23
95.8749   5.99526e-23
99.5378   5.97495e-23
111.388   6.10847e-23
115.643   6.02694e-23
129.410   5.62107e-23
134.355   5.51564e-23
148.747   4.82810e-23
154.844   4.73562e-23
172.815   4.21318e-23
179.899   4.19370e-23
197.576   3.49123e-23
205.675   3.39136e-23
225.886   2.78706e-23
235.145   2.72097e-23
259.638   2.34797e-23
270.281   2.31625e-23
303.268   2.26544e-23
314.855   2.25345e-23
352.338   2.33654e-23
365.799   2.35213e-23
409.347   2.42548e-23
424.986   2.44867e-23
470.513   2.81374e-23
489.799   2.90352e-23
535.056   3.60102e-23
556.987   3.70329e-23
608.452   4.50724e-23
633.392   4.64940e-23
703.125   5.22889e-23
731.945   5.15548e-23
812.529   4.64870e-23
845.833   4.61064e-23
949.067   4.35843e-23
985.326   4.35199e-23
1108.55   4.26600e-23
1147.82   4.22565e-23
1287.92   4.18141e-23
1337.12   4.19023e-23
1496.30   4.31574e-23
1553.47   4.35077e-23
1738.41   4.61041e-23
1809.66   4.64707e-23
2019.69   5.16029e-23
2096.85   5.23838e-23
2333.94   5.83808e-23
2429.61   5.89717e-23
2668.36   7.00465e-23
2785.18   7.20807e-23
3050.69   8.80547e-23
3175.73   9.09623e-23
3487.80   1.11170e-22
3630.76   1.13755e-22
3966.24   1.38350e-22
4117.77   1.39473e-22
4632.73   1.37867e-22
4809.72   1.38488e-22
5411.22   1.42504e-22
5617.96   1.42668e-22
6286.77   1.51037e-22
6526.96   1.50886e-22
7303.98   1.60888e-22
7583.03   1.62116e-22
8485.79   1.75990e-22
8809.98   1.77886e-22
9806.14   1.96129e-22
10208.1   1.98292e-22
11392.8   2.22055e-22
11828.1   2.25146e-22
13165.5   2.55400e-22
13668.5   2.59699e-22
15214.0   2.97144e-22
15795.2   3.03521e-22
17393.9   3.54734e-22
18106.8   3.63698e-22
20100.3   4.26252e-22
20868.2   4.36965e-22
22857.6   5.30087e-22
23794.5   5.46806e-22
26132.6   6.62079e-22
27203.8   6.81126e-22
29877.0   8.27530e-22
31101.6   8.50116e-22
34157.9   1.03358e-21
35558.0   1.05894e-21
39052.1   1.29187e-21
40544.1   1.32688e-21
44409.1   1.61119e-21
46229.4   1.66260e-21
50772.2   2.00949e-21
52853.3   2.06693e-21
58047.0   2.49728e-21
60426.3   2.56452e-21
66364.1   3.10126e-21
69084.3   3.18190e-21
75873.0   3.84578e-21
78982.9   3.95571e-21
86744.3   4.77247e-21
90299.8   4.90800e-21
98379.7   5.78367e-21
