bounds/magic/magic_2022_multidsph_ann_tautau.ecsv
# %ECSV 0.9
# %Part of https://github.com/moritzhuetten/DMbounds under the 
# %Creative Commons Attribution-NonCommercial-ShareAlike 3.0 Unported License, see LICENSE.rst 
# ---
# datatype:
# - {name: mass      , unit: TeV     , datatype: float32 , description: DM mass              }
# - {name: sigmav    , unit: cm3s-1  , datatype: float32 , description: <sigmav>             }
# meta: !!omap
# - {reference:        "Combined searches for dark matter in dwarf spheroidal galaxies observed with the MAGIC telescopes, including new data from Coma Berenices and Draco"}
# - {doi:              "10.1016/j.dark.2021.100912"}
# - {arxiv:            "2111.15009"}
# - {instrument:       "magic"}
# - {year:             "2022"}
# - {source:           "multidsph-4"}
# - {channel:          "tautau"}
# - {confidence        "0.95" }
# - {dmfraction:       "1"}
# - {obs_time:         "h"}
# - {figure:           "Fig. 4"}
# - {comment:          ""}
# - {status:           ""}
# schema : astropy −2.0

mass sigmav
70.6979   4.93924e-24
69.0758   3.96534e-24
69.3229   3.76328e-23
74.7214   4.15179e-24
78.8330   3.41198e-24
83.6176   2.96383e-24
88.6926   2.64780e-24
94.0755   2.43662e-24
99.7852   2.28993e-24
105.841   2.20360e-24
112.265   2.15578e-24
119.079   2.14561e-24
126.306   2.17722e-24
133.972   2.21405e-24
142.103   2.23703e-24
150.728   2.26836e-24
159.876   2.29518e-24
169.579   2.29914e-24
179.871   2.29321e-24
190.788   2.25797e-24
202.367   2.20739e-24
214.649   2.13332e-24
227.677   2.04996e-24
241.495   1.96139e-24
256.152   1.86726e-24
271.698   1.76368e-24
288.189   1.69597e-24
305.679   1.61226e-24
324.232   1.52283e-24
343.910   1.43732e-24
364.783   1.35662e-24
386.923   1.28689e-24
410.406   1.22249e-24
435.314   1.16800e-24
461.735   1.11594e-24
489.758   1.07003e-24
519.483   1.03709e-24
551.012   1.01023e-24
584.454   9.93284e-25
619.926   9.82941e-25
657.551   9.79704e-25
697.459   9.82095e-25
739.790   9.92997e-25
784.689   1.01052e-24
832.314   1.03947e-24
882.829   1.07386e-24
936.410   1.12461e-24
993.243   1.18537e-24
1053.53   1.24942e-24
1117.47   1.32451e-24
1185.29   1.41522e-24
1257.23   1.51323e-24
1333.53   1.61919e-24
1414.47   1.73257e-24
1500.31   1.85124e-24
1591.37   1.95827e-24
1685.24   2.11333e-24
1790.40   2.26311e-24
1899.06   2.39568e-24
2014.32   2.52875e-24
2136.58   2.66730e-24
2266.25   2.81343e-24
2403.80   2.96758e-24
2549.69   3.12792e-24
2704.44   3.28278e-24
2868.57   3.45025e-24
3042.68   3.61070e-24
3227.34   3.76509e-24
3423.22   3.93453e-24
3630.98   4.09689e-24
3851.35   4.27512e-24
4085.10   4.43879e-24
4333.04   4.58564e-24
4596.02   4.80233e-24
4874.96   4.85564e-24
5170.84   5.00551e-24
5484.67   5.16001e-24
5817.55   5.28127e-24
6170.63   5.40538e-24
6545.14   5.49683e-24
6942.38   5.59383e-24
7363.73   5.68439e-24
7810.65   5.77642e-24
8284.70   5.86152e-24
8787.52   5.95641e-24
9320.85   6.06152e-24
9886.56   6.18177e-24
10486.6   6.31798e-24
11123.1   6.47109e-24
11798.1   6.62317e-24
12514.2   6.82270e-24
13273.7   7.04337e-24
14079.3   7.27119e-24
14933.8   7.51714e-24
15840.2   7.86107e-24
16801.6   8.22074e-24
17821.3   8.59070e-24
18902.9   8.99019e-24
20050.2   9.44882e-24
21267.1   1.00743e-23
22557.8   1.07643e-23
23926.9   1.15015e-23
25379.1   1.22892e-23
26919.4   1.31215e-23
28553.2   1.40302e-23
30286.2   1.51098e-23
32124.4   1.64957e-23
34074.1   1.81123e-23
36142.1   1.98019e-23
38335.7   2.17269e-23
40662.3   2.37367e-23
43130.2   2.60629e-23
45747.9   2.84942e-23
48524.5   3.12866e-23
51469.5   3.46495e-23
54593.3   3.88723e-23
57906.8   4.35160e-23
61421.3   4.87844e-23
65149.1   5.46514e-23
69103.1   6.11363e-23
73297.2   6.85870e-23
77745.7   7.67805e-23
82464.3   8.61379e-23
87469.3   9.64280e-23
92778.0   1.08025e-22
97883.2   1.18627e-22
100003   9.28265e-23
