bounds/magic/magic_2022_combined4_ann_ee.ecsv
# %ECSV 0.9
# %Part of https://github.com/moritzhuetten/DMbounds under the 
# %Creative Commons Attribution-NonCommercial-ShareAlike 3.0 Unported License, see LICENSE.rst 
# ---
# datatype:
# - {name: mass      , unit: TeV     , datatype: float32 , description: DM mass              }
# - {name: sigmav    , unit: cm3s-1  , datatype: float32 , description: <sigmav>             }
# meta: !!omap
# - {reference:        "Combined searches for dark matter in dwarf spheroidal galaxies observed with the MAGIC telescopes, including new data from Coma Berenices and Draco"}
# - {doi:              "10.1016/j.dark.2021.100912"}
# - {arxiv:            "2111.15009"}
# - {instrument:       "magic"}
# - {year:             "2022"}
# - {source:           "combined"}
# - {channel:          "ee"}
# - {confidence        "0.95" }
# - {dmfraction:       "1"}
# - {obs_hours:        ""}
# - {figure:           "Fig. 4"}
# - {comment:          ""}
# - {status:           ""}
# schema : astropy −2.0

mass sigmav
88.0008   9.90837e-22
88.2959   3.31892e-24
91.6079   9.91042e-22
93.5559   3.64038e-24
98.9472   4.22352e-24
104.081   4.80994e-24
109.612   5.59087e-24
116.264   6.32377e-24
123.320   6.94395e-24
130.804   7.14826e-24
138.742   6.92827e-24
147.162   6.50176e-24
156.093   5.99306e-24
165.566   5.47682e-24
175.614   4.97640e-24
186.272   4.45091e-24
197.576   3.91858e-24
209.567   3.48474e-24
222.285   3.10561e-24
235.775   2.79967e-24
250.084   2.58062e-24
265.261   2.42872e-24
281.359   2.34891e-24
298.434   2.29961e-24
316.546   2.28878e-24
335.756   2.28456e-24
356.133   2.29346e-24
377.745   2.28923e-24
400.670   2.27682e-24
424.986   2.26286e-24
450.777   2.23772e-24
478.134   2.19704e-24
507.151   2.17418e-24
537.929   2.17641e-24
570.575   2.21964e-24
605.202   2.28987e-24
641.931   2.38959e-24
680.888   2.52968e-24
722.210   2.72058e-24
766.039   2.97884e-24
812.529   3.31348e-24
861.839   3.70694e-24
911.698   4.08681e-24
969.620   4.67295e-24
1028.46   5.17931e-24
1090.88   5.67096e-24
1157.08   6.18705e-24
1227.30   6.71630e-24
1301.79   7.19212e-24
1380.79   7.59740e-24
1464.59   8.00253e-24
1553.47   8.31515e-24
1647.75   8.57209e-24
1747.74   8.81164e-24
1853.81   8.99959e-24
1966.32   9.21136e-24
2085.65   9.34060e-24
2212.22   9.44452e-24
2346.48   9.57703e-24
2493.88   9.77791e-24
2639.92   9.89723e-24
2800.14   1.03134e-23
2970.07   1.06703e-23
3150.32   1.11270e-23
3341.50   1.16449e-23
3544.29   1.21695e-23
3759.39   1.27085e-23
3987.54   1.32810e-23
4229.54   1.36619e-23
4486.22   1.40639e-23
4758.48   1.44258e-23
5047.26   1.47547e-23
5353.57   1.53091e-23
5678.46   1.57482e-23
6023.08   1.61651e-23
6388.61   1.63332e-23
6776.32   1.63499e-23
7187.56   1.65437e-23
7623.76   1.66798e-23
8086.43   1.69260e-23
8577.18   1.72251e-23
9097.71   1.76052e-23
9649.83   1.81491e-23
10235.5   1.89667e-23
10856.6   2.01508e-23
11515.5   2.13781e-23
12214.3   2.28271e-23
12955.6   2.46203e-23
13741.9   2.65543e-23
14575.8   2.86403e-23
15460.4   3.11125e-23
16398.7   3.39439e-23
17393.9   3.71661e-23
18449.5   4.06066e-23
19569.1   4.44293e-23
20756.7   4.87866e-23
22016.4   5.38022e-23
23352.5   5.93761e-23
24769.8   6.54804e-23
26273.0   7.22642e-23
27867.4   7.96935e-23
29558.7   8.79497e-23
31352.5   9.72703e-23
33255.2   1.07656e-22
35273.4   1.19236e-22
37414.1   1.31872e-22
39684.7   1.46057e-22
42093.1   1.61651e-22
44647.6   1.78911e-22
47357.2   1.98155e-22
50231.2   2.19155e-22
53279.6   2.41513e-22
56513.1   2.65960e-22
59942.7   2.92883e-22
63580.5   3.22530e-22
67439.1   3.55179e-22
71531.9   3.91413e-22
75873.0   4.31035e-22
80477.6   4.74327e-22
85361.6   5.22716e-22
90542.0   5.75629e-22
94506.0   6.17953e-22
81.4110   3.29140e-24
70.4102   4.22099e-24
75.7111   3.40955e-24
