dmbounds/bounds/hess/hess_2011_carina_ann_WW_iso_sommerfeld.ecsv
# %ECSV 0.9
# %Part of https://github.com/moritzhuetten/DMbounds under the 
# %Creative Commons Attribution-NonCommercial-ShareAlike 3.0 Unported License, see LICENSE.rst 
# ---
# datatype:
# - {name: mass      , unit: TeV     , datatype: float32 , description: DM mass              }
# - {name: sigmav    , unit: cm3s-1  , datatype: float32 , description: <sigmav>             }
# meta: !!omap
# - {reference:        "H.E.S.S. constraints on Dark Matter annihilations towards the Sculptor and Carina Dwarf Galaxies"}
# - {doi:              "10.1016/j.astropartphys.2010.12.006"}
# - {arxiv:            "1012.5602"}
# - {instrument:       "hess"}
# - {year:             "2011"}
# - {source:           "carina"}
# - {channel:          "WW"}
# - {confidence        "0.95" }
# - {dmfraction:       "1"}
# - {obs_time:         "14.8h"}
# - {figure:           "Fig. 3"}
# - {comment:          "Isothermal profile with Sommerfeld effect"}
# - {status:           ""}
# schema : astropy −2.0

mass sigmav

3.04462e-1 5.13794e-20
3.19787e-1 3.67421e-20
3.35456e-1 2.54670e-20
3.59377e-1 1.72754e-20
3.85005e-1 1.25423e-20
4.10884e-1 8.75171e-21
4.46974e-1 6.29504e-21
4.77247e-1 4.80800e-21
4.99350e-1 3.88219e-21
5.24909e-1 3.18864e-21
5.71014e-1 2.33736e-21
6.21169e-1 1.76356e-21
6.75730e-1 1.37098e-21
7.35082e-1 1.05673e-21
7.99648e-1 8.26180e-22
8.69885e-1 6.64574e-22
9.46291e-1 5.32302e-22
1.02941e+0 4.34934e-22
1.11983e+0 3.53862e-22
1.21819e+0 2.88312e-22
1.32519e+0 2.36582e-22
1.44158e+0 1.87884e-22
1.56820e+0 1.56828e-22
1.70595e+0 1.32027e-22
1.85579e+0 1.06504e-22
2.01879e+0 8.55494e-23
2.19611e+0 6.66949e-23
2.38901e+0 5.11884e-23
2.59885e+0 3.83484e-23
2.80556e+0 2.78044e-23
3.00562e+0 2.00165e-23
3.20766e+0 1.42419e-23
3.38419e+0 1.01068e-23
3.52969e+0 7.12570e-24
3.66738e+0 5.08189e-24
3.79589e+0 3.57920e-24
3.90392e+0 2.47783e-24
3.98951e+0 1.73788e-24
4.08217e+0 1.15093e-24
4.17698e+0 7.35363e-25
4.19621e+0 4.59305e-25
4.20844e+0 2.99141e-25
4.22521e+0 2.04196e-25
4.24141e+0 1.28358e-25
4.26778e+0 7.40700e-26
4.28055e+0 4.71961e-26
4.29100e+0 3.19096e-26
4.30858e+0 1.38117e-26
4.31033e+0 2.06877e-26
4.34045e+0 5.53675e-27
4.44446e+0 7.03904e-28
4.51857e+0 2.95164e-27
4.57971e+0 9.04779e-27
4.67115e+0 3.74777e-26
4.70309e+0 9.63433e-26
4.74285e+0 1.40700e-25
4.74940e+0 1.91806e-25
4.77563e+0 2.68525e-25
4.85301e+0 4.46547e-25
4.92861e+0 7.05215e-25
5.03847e+0 1.09386e-24
5.13580e+0 1.62394e-24
5.31867e+0 2.43228e-24
5.43923e+0 3.41505e-24
5.65141e+0 4.89457e-24
5.93967e+0 7.30310e-24
6.31471e+0 1.03020e-23
6.81699e+0 1.44100e-23
7.41576e+0 1.94274e-23
8.06712e+0 2.37766e-23
8.77569e+0 2.63411e-23
9.54650e+0 2.80427e-23
1.03850e+1 2.71400e-23
1.12972e+1 2.42204e-23
1.22895e+1 1.93722e-23
1.32163e+1 1.41033e-23
1.39437e+1 1.00805e-23
1.45432e+1 7.23809e-24
1.50528e+1 4.57962e-24
1.54615e+1 3.07672e-24
1.58206e+1 2.00726e-24
1.60441e+1 1.28753e-24
1.62916e+1 8.48241e-25
1.65007e+1 5.80372e-25
1.65894e+1 3.79477e-25
1.67644e+1 2.25304e-25
1.69271e+1 1.39895e-25
1.69905e+1 9.86316e-26
1.71330e+1 6.50223e-26
1.72781e+1 2.90692e-26
1.77452e+1 7.17169e-27
1.81742e+1 4.52726e-26
1.83117e+1 9.29858e-26
1.83979e+1 1.44720e-25
1.85791e+1 1.85896e-25
1.86346e+1 4.06527e-25
1.86646e+1 2.78366e-25
1.88244e+1 5.55926e-25
1.88340e+1 8.35070e-25
1.88561e+1 1.20490e-24
1.91567e+1 2.06326e-24
1.94268e+1 2.82298e-24
2.00569e+1 4.14209e-24
2.05227e+1 6.18956e-24
2.12419e+1 8.76757e-24
2.21551e+1 1.26576e-23
2.35540e+1 1.77226e-23
2.54275e+1 2.31754e-23
2.76610e+1 2.47076e-23
3.00906e+1 2.08893e-23
3.22363e+1 1.46046e-23
3.35965e+1 9.86716e-24
3.43844e+1 6.92158e-24
3.52022e+1 4.98475e-24
3.57452e+1 3.48251e-24
3.62966e+1 2.18625e-24
3.68565e+1 1.24460e-24
3.74250e+1 7.25363e-25
3.79732e+1 4.56438e-25
3.84722e+1 3.01179e-25
3.86175e+1 1.99459e-25
3.90132e+1 1.35231e-25
4.03091e+1 4.70028e-26
4.14446e+1 2.10689e-25
4.18175e+1 3.06728e-25
4.19778e+1 4.72920e-25
4.23698e+1 8.73255e-25
4.25927e+1 1.57144e-24
4.30233e+1 2.80446e-24
4.35320e+1 5.01572e-24
4.39235e+1 8.07604e-24
4.55403e+1 1.11681e-23
4.70846e+1 1.68511e-23
5.02495e+1 2.44280e-23
5.46632e+1 2.66426e-23
5.83375e+1 2.07069e-23
6.08456e+1 1.43201e-23
6.22589e+1 9.74440e-24
6.37049e+1 6.47018e-24
6.49356e+1 4.18553e-24
6.59372e+1 2.86377e-24
6.63930e+1 1.93806e-24
6.73342e+1 1.23104e-24
6.80754e+1 8.89013e-25
6.92073e+1 3.98132e-25
7.06778e+1 1.60225e-25
7.25743e+1 6.32373e-25
7.31420e+1 1.08959e-24
7.39021e+1 1.55188e-24
7.46492e+1 2.73090e-24
7.50995e+1 4.63369e-24
7.56186e+1 7.39841e-24
7.73073e+1 1.15490e-23
7.83577e+1 1.64173e-23
8.20091e+1 2.42598e-23
8.73340e+1 3.16099e-23
9.34046e+1 2.57117e-23
9.66776e+1 1.85826e-23
9.93023e+1 1.35781e-23