dmbounds/bounds/hess/hess_2011_sculptor_ann_WW_iso_sommerfeld.ecsv
# %ECSV 0.9
# %Part of https://github.com/moritzhuetten/DMbounds under the 
# %Creative Commons Attribution-NonCommercial-ShareAlike 3.0 Unported License, see LICENSE.rst 
# ---
# datatype:
# - {name: mass      , unit: TeV     , datatype: float32 , description: DM mass              }
# - {name: sigmav    , unit: cm3s-1  , datatype: float32 , description: <sigmav>             }
# meta: !!omap
# - {reference:        "H.E.S.S. constraints on Dark Matter annihilations towards the Sculptor and Carina Dwarf Galaxies"}
# - {doi:              "10.1016/j.astropartphys.2010.12.006"}
# - {arxiv:            "1012.5602"}
# - {instrument:       "hess"}
# - {year:             "2011"}
# - {source:           "sculptor"}
# - {channel:          "WW"}
# - {confidence        "0.95" }
# - {dmfraction:       "1"}
# - {obs_time:         "11.8h"}
# - {figure:           "Fig. 5"}
# - {comment:          "Isothermal profile with Sommerfeld effect"}
# - {status:           ""}
# schema : astropy −2.0

mass sigmav

3.12939e-1 2.11088e-21
3.33650e-1 1.45312e-21
3.60373e-1 1.07952e-21
3.85080e-1 8.33905e-22
4.15348e-1 6.34890e-22
4.51820e-1 4.99528e-22
4.91495e-1 3.81863e-22
5.34653e-1 3.04730e-22
5.81601e-1 2.48798e-22
6.32672e-1 2.02264e-22
6.88227e-1 1.69439e-22
7.48661e-1 1.41536e-22
8.14401e-1 1.20961e-22
8.85914e-1 1.03821e-22
9.63707e-1 9.01333e-23
1.04833e+0 7.55058e-23
1.14038e+0 6.63044e-23
1.24052e+0 5.67467e-23
1.34945e+0 4.96183e-23
1.46795e+0 4.28925e-23
1.59685e+0 3.63444e-23
1.73707e+0 3.12390e-23
1.88961e+0 2.61693e-23
2.05553e+0 2.18286e-23
2.23603e+0 1.77712e-23
2.43238e+0 1.41816e-23
2.64597e+0 1.06127e-23
2.87831e+0 7.80697e-24
3.09532e+0 5.56141e-24
3.29072e+0 3.95187e-24
3.47177e+0 2.75715e-24
3.59798e+0 2.00328e-24
3.74785e+0 1.39036e-24
3.85547e+0 9.80240e-25
3.96488e+0 6.66348e-25
4.06138e+0 4.28578e-25
4.15569e+0 2.86070e-25
4.20044e+0 1.87775e-25
4.28016e+0 1.16269e-25
4.36044e+0 6.47279e-26
4.39405e+0 3.87152e-26
4.43367e+0 1.71939e-26
4.45013e+0 7.52337e-27
4.50334e+0 6.20666e-28
4.52689e+0 4.93063e-27
4.55975e+0 1.13645e-26
4.60193e+0 2.60804e-26
4.66562e+0 4.80253e-26
4.69690e+0 6.78513e-26
4.72780e+0 1.05573e-25
4.79127e+0 1.67168e-25
4.89878e+0 2.81906e-25
5.02624e+0 4.47916e-25
5.16549e+0 6.78419e-25
5.30859e+0 9.80240e-25
5.46661e+0 1.42164e-24
5.66223e+0 1.93480e-24
5.90883e+0 2.87833e-24
6.28183e+0 4.20264e-24
6.78135e+0 6.00297e-24
7.37683e+0 8.01025e-24
8.02459e+0 9.76909e-24
8.72923e+0 1.11566e-23
9.49575e+0 1.17284e-23
1.03296e+1 1.16284e-23
1.12366e+1 1.04772e-23
1.22233e+1 8.43283e-24
1.31449e+1 6.33094e-24
1.38682e+1 4.54604e-24
1.44642e+1 3.22444e-24
1.49328e+1 2.20705e-24
1.53102e+1 1.50481e-24
1.56828e+1 1.02524e-24
1.60382e+1 6.77658e-25
1.62482e+1 4.64083e-25
1.63981e+1 3.14344e-25
1.66637e+1 2.13589e-25
1.67837e+1 1.46247e-25
1.68753e+1 9.12506e-26
1.70511e+1 4.15593e-26
1.74356e+1 7.88710e-27
1.75330e+1 2.32758e-26
1.77321e+1 6.66628e-26
1.79491e+1 1.14542e-25
1.81270e+1 1.74137e-25
1.83012e+1 2.66127e-25
1.85986e+1 5.03357e-25
1.88339e+1 7.62390e-25
1.91976e+1 1.14458e-24
1.96434e+1 1.62898e-24
2.00381e+1 2.38489e-24
2.07242e+1 3.53202e-24
2.15324e+1 5.06914e-24
2.26304e+1 7.16462e-24
2.43367e+1 9.85315e-24
2.64737e+1 1.16284e-23
2.87984e+1 1.10772e-23
3.09697e+1 8.56635e-24
3.26737e+1 5.96877e-24
3.39046e+1 3.79140e-24
3.48693e+1 2.70283e-24
3.56790e+1 1.74830e-24
3.62292e+1 1.09664e-24
3.66474e+1 7.30157e-25
3.69572e+1 4.95734e-25
3.74881e+1 3.51019e-25
3.79032e+1 2.02630e-25
3.84919e+1 7.87715e-26
3.88136e+1 4.64614e-26
3.94274e+1 1.14597e-25
4.01716e+1 3.26421e-25
4.05466e+1 5.33600e-25
4.11044e+1 9.82809e-25
4.18983e+1 1.66637e-24
4.28712e+1 2.79056e-24
4.37230e+1 3.86547e-24
4.48852e+1 5.64947e-24
4.68145e+1 8.47710e-24
4.99604e+1 1.23648e-23
5.43474e+1 1.33370e-23
5.79996e+1 1.03705e-23
6.04154e+1 6.94757e-24
6.21344e+1 4.61863e-24
6.38208e+1 3.08569e-24
6.46812e+1 2.01908e-24
6.58043e+1 1.28365e-24
6.66489e+1 8.59965e-25
6.73877e+1 5.87896e-25
6.89626e+1 1.85430e-25
7.00319e+1 3.74812e-25
7.14003e+1 8.69018e-25
7.21325e+1 1.38129e-24
7.30849e+1 2.11176e-24
7.38074e+1 3.18418e-24
7.55212e+1 5.06118e-24
7.74969e+1 7.48091e-24
8.02885e+1 1.15094e-23
8.53567e+1 1.54945e-23
9.17923e+1 1.43292e-23
9.58598e+1 9.58712e-24
9.83362e+1 7.03912e-24