dmbounds/bounds/hess/hess_2012_fornaxcluster_ann_bb_nfwrb02_substructure-med_theta1deg.ecsv
# %ECSV 0.9
# %Part of https://github.com/moritzhuetten/DMbounds under the 
# %Creative Commons Attribution-NonCommercial-ShareAlike 3.0 Unported License, see LICENSE.rst 
# ---
# datatype:
# - {name: mass      , unit: TeV     , datatype: float32 , description: DM mass              }
# - {name: sigmav    , unit: cm3s-1  , datatype: float32 , description: <sigmav>             }
# meta: !!omap
# - {reference:        "Search for Dark Matter Annihilation Signals From the Fornax Galaxy Cluster With H.E.S.S."}
# - {doi:              "10.1088/0004-637X/783/1/63"}
# - {arxiv:            "1202.5494"}
# - {instrument:       "hess"}
# - {year:             "2012"}
# - {source:           "fornaxcluster"}
# - {channel:          "bb"}
# - {confidence        "0.95"}
# - {dmfraction:       "1"}
# - {obs_time:         "14.5h"}
# - {figure:           "Fig. 5 erratum"}
# - {comment:          "NFW RB02 with medium substructure, theta = 1.0 degrees"}
# - {status:           ""}
# schema : astropy −2.0

mass sigmav

1.364e-1 9.632e-19
1.375e-1 6.826e-19
1.395e-1 5.109e-19
1.416e-1 3.191e-19
1.423e-1 2.712e-19
1.430e-1 2.335e-19
1.437e-1 2.018e-19
1.445e-1 1.749e-19
1.460e-1 1.463e-19
1.473e-1 1.224e-19
1.490e-1 9.933e-20
1.513e-1 8.079e-20
1.536e-1 6.856e-20
1.563e-1 5.756e-20
1.589e-1 4.841e-20
1.614e-1 4.152e-20
1.639e-1 3.575e-20
1.665e-1 3.089e-20
1.700e-1 2.684e-20
1.733e-1 2.312e-20
1.769e-1 2.002e-20
1.806e-1 1.720e-20
1.848e-1 1.472e-20
1.888e-1 1.265e-20
1.937e-1 1.087e-20
1.988e-1 9.266e-21
2.041e-1 7.889e-21
2.094e-1 6.708e-21
2.154e-1 5.688e-21
2.212e-1 4.892e-21
2.270e-1 4.246e-21
2.330e-1 3.657e-21
2.408e-1 3.112e-21
2.486e-1 2.694e-21
2.566e-1 2.336e-21
2.664e-1 2.002e-21
2.765e-1 1.714e-21
2.912e-1 1.484e-21
3.051e-1 1.272e-21
3.205e-1 1.101e-21
3.385e-1 9.698e-22
3.584e-1 8.595e-22
3.794e-1 7.641e-22
4.017e-1 6.846e-22
4.253e-1 6.246e-22
4.503e-1 5.713e-22
4.768e-1 5.222e-22
5.048e-1 4.777e-22
5.345e-1 4.372e-22
5.659e-1 3.999e-22
5.991e-1 3.660e-22
6.343e-1 3.388e-22
6.716e-1 3.139e-22
7.111e-1 2.906e-22
7.528e-1 2.713e-22
7.971e-1 2.566e-22
8.439e-1 2.406e-22
8.935e-1 2.258e-22
9.460e-1 2.135e-22
1.002e+0 2.025e-22
1.060e+0 1.921e-22
1.123e+0 1.829e-22
1.189e+0 1.744e-22
1.259e+0 1.671e-22
1.333e+0 1.607e-22
1.411e+0 1.553e-22
1.494e+0 1.500e-22
1.581e+0 1.454e-22
1.674e+0 1.408e-22
1.773e+0 1.373e-22
1.877e+0 1.340e-22
1.987e+0 1.307e-22
2.104e+0 1.289e-22
2.228e+0 1.273e-22
2.359e+0 1.258e-22
2.497e+0 1.243e-22
2.644e+0 1.234e-22
2.799e+0 1.230e-22
2.964e+0 1.219e-22
3.138e+0 1.221e-22
3.322e+0 1.224e-22
3.517e+0 1.228e-22
3.724e+0 1.232e-22
3.943e+0 1.241e-22
4.175e+0 1.257e-22
4.420e+0 1.276e-22
4.680e+0 1.295e-22
4.955e+0 1.315e-22
5.246e+0 1.343e-22
5.554e+0 1.372e-22
5.880e+0 1.403e-22
6.226e+0 1.436e-22
6.592e+0 1.473e-22
6.979e+0 1.512e-22
7.389e+0 1.556e-22
7.823e+0 1.603e-22
8.283e+0 1.661e-22
8.769e+0 1.724e-22
9.285e+0 1.794e-22
9.830e+0 1.861e-22
1.041e+1 1.935e-22
1.102e+1 2.013e-22
1.167e+1 2.095e-22
1.235e+1 2.190e-22
1.308e+1 2.296e-22
1.385e+1 2.406e-22
1.466e+1 2.526e-22
1.552e+1 2.648e-22
1.643e+1 2.790e-22
1.740e+1 2.934e-22
1.842e+1 3.091e-22
1.950e+1 3.253e-22
2.065e+1 3.436e-22
2.186e+1 3.644e-22
2.315e+1 3.853e-22
2.451e+1 4.082e-22
2.595e+1 4.322e-22
2.747e+1 4.578e-22
2.909e+1 4.829e-22
3.080e+1 5.110e-22
3.261e+1 5.452e-22
3.452e+1 5.822e-22
3.655e+1 6.201e-22
3.870e+1 6.621e-22
4.097e+1 7.065e-22
4.338e+1 7.535e-22
4.593e+1 8.035e-22
4.863e+1 8.580e-22
5.148e+1 9.161e-22
5.451e+1 9.817e-22
5.771e+1 1.052e-21
6.110e+1 1.127e-21
6.469e+1 1.206e-21
6.849e+1 1.292e-21
7.252e+1 1.384e-21
7.678e+1 1.486e-21
8.129e+1 1.599e-21
8.607e+1 1.718e-21
9.113e+1 1.848e-21
9.648e+1 1.987e-21
9.953e+1 2.084e-21