dmbounds/bounds/hess/hess_2011_carina_ann_WW_nfw_sommerfeld.ecsv
# %ECSV 0.9
# %Part of https://github.com/moritzhuetten/DMbounds under the 
# %Creative Commons Attribution-NonCommercial-ShareAlike 3.0 Unported License, see LICENSE.rst 
# ---
# datatype:
# - {name: mass      , unit: TeV     , datatype: float32 , description: DM mass              }
# - {name: sigmav    , unit: cm3s-1  , datatype: float32 , description: <sigmav>             }
# meta: !!omap
# - {reference:        "H.E.S.S. constraints on Dark Matter annihilations towards the Sculptor and Carina Dwarf Galaxies"}
# - {doi:              "10.1016/j.astropartphys.2010.12.006"}
# - {arxiv:            "1012.5602"}
# - {instrument:       "hess"}
# - {year:             "2011"}
# - {source:           "carina"}
# - {channel:          "WW"}
# - {confidence        "0.95" }
# - {dmfraction:       "1"}
# - {obs_time:         "14.8h"}
# - {figure:           "Fig. 3"}
# - {comment:          "NFW profile with Sommerfeld effect"}
# - {status:           ""}
# schema : astropy −2.0

mass sigmav

2.96337e-1 2.54215e-20
3.10740e-1 1.86449e-20
3.30705e-1 1.33246e-20
3.50951e-1 9.72293e-21
3.71314e-1 6.89051e-21
4.04384e-1 4.51457e-21
4.32669e-1 3.17343e-21
4.71574e-1 2.24608e-21
5.12994e-1 1.60551e-21
5.55543e-1 1.15939e-21
5.55543e-1 1.15939e-21
6.07069e-1 8.56294e-22
6.60391e-1 6.72181e-22
7.18397e-1 5.18844e-22
7.81497e-1 4.08543e-22
8.50140e-1 3.19410e-22
9.24811e-1 2.58398e-22
1.00604e+0 2.09635e-22
1.09441e+0 1.72266e-22
1.19053e+0 1.38570e-22
1.29511e+0 1.08338e-22
1.40886e+0 9.34380e-23
1.53261e+0 7.77715e-23
1.66722e+0 6.40903e-23
1.81366e+0 5.22182e-23
1.97297e+0 4.15877e-23
2.14626e+0 3.27466e-23
2.33478e+0 2.56752e-23
2.53985e+0 1.92622e-23
2.75239e+0 1.38355e-23
2.95997e+0 9.93257e-24
3.15893e+0 7.12570e-24
3.34556e+0 4.99404e-24
3.50278e+0 3.52363e-24
3.63942e+0 2.52085e-24
3.75831e+0 1.76990e-24
3.86922e+0 1.23490e-24
3.96414e+0 8.43827e-25
4.06658e+0 5.70616e-25
4.11353e+0 3.75930e-25
4.14513e+0 2.31430e-25
4.14513e+0 1.48157e-25
4.24141e+0 4.20352e-26
4.24141e+0 2.64923e-26
4.36592e+0 1.69963e-27
4.46150e+0 3.19210e-28
4.53242e+0 2.67577e-27
4.64738e+0 5.14375e-27
4.65723e+0 8.15649e-27
4.68906e+0 1.25649e-26
4.70704e+0 2.41390e-26
4.70704e+0 1.69894e-26
4.74321e+0 3.59459e-26
4.76139e+0 5.48469e-26
4.83077e+0 1.27690e-25
4.93458e+0 2.56433e-25
5.01154e+0 4.14233e-25
5.09664e+0 6.38339e-25
5.23501e+0 9.20874e-25
5.37714e+0 1.28753e-24
5.54430e+0 1.90797e-24
5.78267e+0 2.72176e-24
6.07763e+0 3.85324e-24
6.48615e+0 5.48691e-24
7.02891e+0 7.54295e-24
7.64630e+0 9.63412e-24
8.31791e+0 1.14113e-23
9.04851e+0 1.25883e-23
9.84328e+0 1.27143e-23
1.07079e+1 1.21485e-23
1.16484e+1 1.03886e-23
1.26715e+1 7.90552e-24
1.35751e+1 5.53496e-24
1.42676e+1 3.89075e-24
1.48430e+1 2.47138e-24
1.53436e+1 1.59872e-24
1.56999e+1 1.08618e-24
1.59421e+1 7.53910e-25
1.61880e+1 5.06102e-25
1.63749e+1 3.21472e-25
1.65640e+1 1.48157e-25
1.66913e+1 8.83978e-26
1.69994e+1 4.05280e-26
1.72017e+1 2.56292e-26
1.77452e+1 3.29661e-27
1.80978e+1 1.53182e-26
1.84684e+1 3.51119e-26
1.86503e+1 6.25956e-26
1.88176e+1 1.37364e-25
1.89380e+1 2.40663e-25
1.90106e+1 3.16480e-25
1.90835e+1 4.86684e-25
1.91567e+1 6.50101e-25
1.93630e+1 1.03248e-24
1.97522e+1 1.46305e-24
2.02885e+1 2.26460e-24
2.08393e+1 3.35152e-24
2.16522e+1 4.83367e-24
2.27566e+1 6.87916e-24
2.44729e+1 9.60675e-24
2.66224e+1 1.13627e-23
2.89608e+1 1.07342e-23
3.11450e+1 8.26786e-24
3.28591e+1 5.79885e-24
3.40756e+1 3.66422e-24
3.48448e+1 2.60371e-24
3.56087e+1 1.70199e-24
3.61027e+1 1.07603e-24
3.65475e+1 6.68673e-25
3.69271e+1 4.51819e-25
3.73534e+1 2.99612e-25
3.79538e+1 1.87845e-25
3.84410e+1 1.28693e-25
3.91291e+1 7.93499e-26
4.07996e+1 1.92218e-26
4.14843e+1 5.67384e-26
4.21388e+1 1.37543e-25
4.24625e+1 2.47345e-25
4.26253e+1 4.00214e-25
4.32277e+1 7.48424e-25
4.36154e+1 1.24321e-24
4.40066e+1 2.32384e-24
4.49140e+1 4.22942e-24
4.61922e+1 6.58939e-24
4.83629e+1 9.33916e-24
5.18117e+1 1.22526e-23
5.63625e+1 1.12342e-23
5.99214e+1 7.63364e-24
6.18630e+1 5.21618e-24
6.29777e+1 3.87354e-24
6.39492e+1 2.76469e-24
6.49356e+1 1.92899e-24
6.56854e+1 1.27416e-24
6.61900e+1 8.61619e-25
6.66985e+1 5.99780e-25
6.72110e+1 4.37326e-25
6.82002e+1 2.80333e-25
7.06392e+1 7.12839e-26
7.24730e+1 1.94324e-25
7.32375e+1 2.94960e-25
7.40531e+1 4.87955e-25
7.46220e+1 7.96771e-25
7.51953e+1 1.32846e-24
7.56765e+1 2.22073e-24
7.65503e+1 3.99803e-24
7.85283e+1 6.40860e-24
8.07633e+1 9.79536e-24
8.58628e+1 1.39065e-23
9.23384e+1 1.26152e-23
9.68257e+1 7.70565e-24
9.94925e+1 5.76868e-24