dmbounds/bounds/hess/hess_2011_sculptor_ann_WW_nfw_sommerfeld.ecsv
# %ECSV 0.9
# %Part of https://github.com/moritzhuetten/DMbounds under the 
# %Creative Commons Attribution-NonCommercial-ShareAlike 3.0 Unported License, see LICENSE.rst 
# ---
# datatype:
# - {name: mass      , unit: TeV     , datatype: float32 , description: DM mass              }
# - {name: sigmav    , unit: cm3s-1  , datatype: float32 , description: <sigmav>             }
# meta: !!omap
# - {reference:        "H.E.S.S. constraints on Dark Matter annihilations towards the Sculptor and Carina Dwarf Galaxies"}
# - {doi:              "10.1016/j.astropartphys.2010.12.006"}
# - {arxiv:            "1012.5602"}
# - {instrument:       "hess"}
# - {year:             "2011"}
# - {source:           "sculptor"}
# - {channel:          "WW"}
# - {confidence        "0.95" }
# - {dmfraction:       "1"}
# - {obs_time:         "11.8h"}
# - {figure:           "Fig. 5"}
# - {comment:          "NFW profile with Sommerfeld effect"}
# - {status:           ""}
# schema : astropy −2.0

mass sigmav

3.07552e-1 1.42277e-21
3.20200e-1 1.01885e-21
3.45668e-1 6.93457e-22
3.76022e-1 5.08963e-22
4.09040e-1 3.79910e-22
4.43542e-1 2.91585e-22
4.75559e-1 2.41138e-22
5.09037e-1 2.01452e-22
5.55504e-1 1.58666e-22
6.02744e-1 1.32532e-22
6.57346e-1 1.06372e-22
7.15067e-1 9.06496e-23
7.77858e-1 7.52905e-23
8.46162e-1 6.43455e-23
9.20464e-1 5.52277e-23
1.00129e+0 4.74696e-23
1.08921e+0 4.06269e-23
1.18486e+0 3.54221e-23
1.28890e+0 3.06644e-23
1.40208e+0 2.65457e-23
1.52520e+0 2.28167e-23
1.65913e+0 1.95836e-23
1.80482e+0 1.63820e-23
1.96330e+0 1.38217e-23
2.13570e+0 1.14471e-23
2.32323e+0 9.27955e-24
2.52724e+0 7.16590e-24
2.74916e+0 5.36253e-24
2.96777e+0 3.93982e-24
3.16720e+0 2.80264e-24
3.35427e+0 1.99655e-24
3.52531e+0 1.37407e-24
3.67684e+0 9.77165e-25
3.80079e+0 6.63612e-25
3.92392e+0 4.33090e-25
4.01503e+0 2.89006e-25
4.08007e+0 1.98076e-25
4.17161e+0 1.20858e-25
4.20366e+0 8.45414e-26
4.25218e+0 5.95260e-26
4.31496e+0 2.94320e-26
4.37584e+0 1.96157e-26
4.44216e+0 1.23150e-26
4.50334e+0 3.77987e-28
4.61975e+0 9.22867e-27
4.67602e+0 2.09975e-26
4.78761e+0 6.27260e-26
4.84287e+0 9.38751e-26
4.91755e+0 1.54177e-25
5.02624e+0 2.55592e-25
5.16549e+0 4.03260e-25
5.31440e+0 5.79797e-25
5.50859e+0 8.69018e-25
5.70884e+0 1.24070e-24
5.99995e+0 1.80883e-24
6.35434e+0 2.53557e-24
6.83344e+0 3.53404e-24
7.43349e+0 4.69560e-24
8.08622e+0 5.68589e-24
8.79628e+0 6.43807e-24
9.56869e+0 6.76804e-24
1.04089e+1 6.64355e-24
1.13229e+1 5.89255e-24
1.23172e+1 4.72250e-24
1.32459e+1 3.45791e-24
1.39747e+1 2.46359e-24
1.45753e+1 1.69334e-24
1.50667e+1 1.08278e-24
1.54954e+1 7.16334e-25
1.58068e+1 4.86477e-25
1.60997e+1 3.08420e-25
1.62856e+1 1.92857e-25
1.64106e+1 1.34377e-25
1.64735e+1 9.73798e-26
1.67860e+1 5.40302e-26
1.72475e+1 1.35963e-26
1.73799e+1 4.91260e-27
1.76480e+1 2.22730e-26
1.80753e+1 6.78513e-26
1.83830e+1 1.36147e-25
1.85479e+1 2.11918e-25
1.87620e+1 3.28995e-25
1.91243e+1 5.47304e-25
1.95534e+1 8.43022e-25
1.98854e+1 1.17987e-24
2.04877e+1 1.74373e-24
2.12054e+1 2.51573e-24
2.21169e+1 3.52648e-24
2.35130e+1 5.02948e-24
2.54800e+1 6.36494e-24
2.77174e+1 6.68161e-24
3.01513e+1 5.54951e-24
3.21775e+1 3.87503e-24
3.34068e+1 2.70425e-24
3.42087e+1 1.91859e-24
3.50030e+1 1.33448e-24
3.55428e+1 9.42490e-25
3.59530e+1 6.72356e-25
3.63681e+1 4.61176e-25
3.66474e+1 3.28995e-25
3.70345e+1 2.16971e-25
3.82063e+1 4.50150e-26
3.86934e+1 2.55578e-26
3.90450e+1 6.06587e-26
4.07911e+1 2.76787e-25
4.11044e+1 4.03532e-25
4.15789e+1 6.36388e-25
4.23495e+1 1.08391e-24
4.32004e+1 1.74047e-24
4.42519e+1 2.57860e-24
4.57521e+1 3.99870e-24
4.80851e+1 5.90218e-24
5.15131e+1 7.66338e-24
5.60365e+1 7.05421e-24
5.95738e+1 4.79043e-24
6.15194e+1 3.35887e-24
6.21344e+1 2.50587e-24
6.33344e+1 1.83027e-24
6.43110e+1 1.19761e-24
6.50534e+1 7.15959e-25
6.56367e+1 4.66031e-25
6.73094e+1 2.26105e-25
6.86327e+1 1.08699e-25
7.04475e+1 3.95168e-25
7.21325e+1 6.21568e-25
7.32448e+1 9.80240e-25
7.40903e+1 1.38491e-24
7.49456e+1 2.20994e-24
7.68326e+1 3.58936e-24
7.85666e+1 5.23641e-24
8.24677e+1 7.90373e-24
8.86855e+1 9.13492e-24
9.42837e+1 6.81070e-24
9.71314e+1 4.67479e-24
9.89652e+1 3.64857e-24