dmbounds/bounds/hess/hess_2012_fornaxcluster_ann_bb_nfwrb02_substructure-high_theta1deg.ecsv
# %ECSV 0.9
# %Part of https://github.com/moritzhuetten/DMbounds under the 
# %Creative Commons Attribution-NonCommercial-ShareAlike 3.0 Unported License, see LICENSE.rst 
# ---
# datatype:
# - {name: mass      , unit: TeV     , datatype: float32 , description: DM mass              }
# - {name: sigmav    , unit: cm3s-1  , datatype: float32 , description: <sigmav>             }
# meta: !!omap
# - {reference:        "Search for Dark Matter Annihilation Signals From the Fornax Galaxy Cluster With H.E.S.S."}
# - {doi:              "10.1088/0004-637X/783/1/63"}
# - {arxiv:            "1202.5494"}
# - {instrument:       "hess"}
# - {year:             "2012"}
# - {source:           "fornaxcluster"}
# - {channel:          "bb"}
# - {confidence        "0.95"}
# - {dmfraction:       "1"}
# - {obs_time:         "14.5h"}
# - {figure:           "Fig. 5 erratum"}
# - {comment:          "NFW RB02 with high substructure, theta = 1.0 degrees"}
# - {status:           ""}
# schema : astropy −2.0

mass sigmav

1.296e-1 9.948e-19
1.300e-1 7.917e-19
1.303e-1 6.780e-19
1.313e-1 5.908e-19
1.316e-1 5.059e-19
1.320e-1 4.270e-19
1.324e-1 3.648e-19
1.333e-1 3.169e-19
1.337e-1 2.735e-19
1.343e-1 2.276e-19
1.350e-1 1.876e-19
1.359e-1 1.572e-19
1.366e-1 1.325e-19
1.376e-1 1.076e-19
1.385e-1 8.731e-20
1.391e-1 7.263e-20
1.401e-1 6.208e-20
1.408e-1 5.309e-20
1.415e-1 4.549e-20
1.423e-1 3.909e-20
1.430e-1 3.369e-20
1.446e-1 2.729e-20
1.454e-1 2.249e-20
1.470e-1 1.922e-20
1.482e-1 1.587e-20
1.508e-1 1.296e-20
1.546e-1 1.080e-20
1.574e-1 8.974e-21
1.597e-1 7.671e-21
1.623e-1 6.652e-21
1.648e-1 5.769e-21
1.674e-1 4.996e-21
1.700e-1 4.300e-21
1.734e-1 3.646e-21
1.763e-1 3.108e-21
1.800e-1 2.691e-21
1.835e-1 2.322e-21
1.877e-1 2.005e-21
1.918e-1 1.732e-21
1.968e-1 1.488e-21
2.020e-1 1.268e-21
2.073e-1 1.080e-21
2.127e-1 9.219e-22
2.188e-1 7.938e-22
2.247e-1 6.808e-22
2.316e-1 5.836e-22
2.373e-1 5.046e-22
2.446e-1 4.360e-22
2.530e-1 3.778e-22
2.625e-1 3.243e-22
2.722e-1 2.792e-22
2.827e-1 2.436e-22
2.981e-1 2.078e-22
3.148e-1 1.818e-22
3.333e-1 1.607e-22
3.528e-1 1.414e-22
3.736e-1 1.245e-22
3.955e-1 1.097e-22
4.188e-1 9.927e-23
4.434e-1 9.063e-23
4.694e-1 8.199e-23
4.970e-1 7.436e-23
5.262e-1 6.760e-23
5.571e-1 6.214e-23
5.899e-1 5.774e-23
6.245e-1 5.368e-23
6.612e-1 4.958e-23
7.001e-1 4.521e-23
7.412e-1 4.227e-23
7.848e-1 4.026e-23
8.309e-1 3.805e-23
8.797e-1 3.564e-23
9.314e-1 3.348e-23
9.861e-1 3.141e-23
1.044e+0 2.978e-23
1.105e+0 2.832e-23
1.170e+0 2.704e-23
1.239e+0 2.617e-23
1.312e+0 2.545e-23
1.389e+0 2.454e-23
1.471e+0 2.366e-23
1.557e+0 2.291e-23
1.649e+0 2.220e-23
1.745e+0 2.160e-23
1.848e+0 2.107e-23
1.957e+0 2.057e-23
2.071e+0 2.018e-23
2.193e+0 1.984e-23
2.322e+0 1.951e-23
2.459e+0 1.914e-23
2.603e+0 1.901e-23
2.756e+0 1.893e-23
2.918e+0 1.877e-23
3.089e+0 1.875e-23
3.271e+0 1.880e-23
3.463e+0 1.888e-23
3.667e+0 1.894e-23
3.882e+0 1.902e-23
4.110e+0 1.931e-23
4.352e+0 1.964e-23
4.607e+0 1.998e-23
4.878e+0 2.033e-23
5.165e+0 2.075e-23
5.468e+0 2.121e-23
5.789e+0 2.167e-23
6.129e+0 2.220e-23
6.490e+0 2.277e-23
6.871e+0 2.338e-23
7.275e+0 2.395e-23
7.702e+0 2.458e-23
8.155e+0 2.529e-23
8.634e+0 2.617e-23
9.141e+0 2.724e-23
9.678e+0 2.849e-23
1.025e+1 2.967e-23
1.085e+1 3.079e-23
1.149e+1 3.193e-23
1.216e+1 3.328e-23
1.288e+1 3.504e-23
1.363e+1 3.687e-23
1.443e+1 3.882e-23
1.528e+1 4.085e-23
1.618e+1 4.302e-23
1.713e+1 4.527e-23
1.814e+1 4.769e-23
1.920e+1 5.015e-23
2.033e+1 5.287e-23
2.153e+1 5.577e-23
2.279e+1 5.887e-23
2.413e+1 6.210e-23
2.555e+1 6.550e-23
2.705e+1 6.918e-23
2.864e+1 7.373e-23
3.032e+1 7.873e-23
3.210e+1 8.380e-23
3.399e+1 8.926e-23
3.599e+1 9.502e-23
3.810e+1 1.012e-22
4.034e+1 1.077e-22
4.271e+1 1.146e-22
4.522e+1 1.226e-22
4.788e+1 1.312e-22
5.069e+1 1.404e-22
5.367e+1 1.506e-22
5.682e+1 1.614e-22
6.016e+1 1.731e-22
6.369e+1 1.858e-22
6.744e+1 1.989e-22
7.140e+1 2.136e-22
7.559e+1 2.285e-22
8.004e+1 2.459e-22
8.474e+1 2.631e-22
8.972e+1 2.828e-22
9.499e+1 3.038e-22
9.942e+1 3.178e-22