temp/cta_subhalo_bb.ecsv
# %ECSV 0.9
# %Part of https://github.com/moritzhuetten/DMbounds under the
# %Creative Commons Attribution-NonCommercial-ShareAlike 3.0 Unported License, see LICENSE.rst
# ---
# datatype:
# - {name: mass      , unit: TeV     , datatype: float32 , description: DM mass              }
# - {name: sigmav    , unit: cm3s-1  , datatype: float32 , description: <sigmav>             }
# meta: !!omap
# - {reference:        "CTA LMC paper"}
# - {doi:              ""}
# - {arxiv:            ""}
# - {instrument:       "cta"}
# - {year:             "2023"}
# - {source:           "lmc"}
# - {channel:          "bb"}
# - {confidence        "0.95" }
# - {dmfraction:       "1"}
# - {obs_time:         "300h"}
# - {figure:           ""}
# - {comment:          ""}
# - {status:           ""}
# schema : astropy −2.0

mass sigmav
5.151e+1    4.545e-23
5.354e+1    3.925e-23
5.657e+1    3.450e-23
5.996e+1    2.962e-23
6.368e+1    2.535e-23
6.782e+1    2.182e-23
7.224e+1    1.905e-23
7.694e+1    1.674e-23
8.195e+1    1.476e-23
8.728e+1    1.303e-23
9.296e+1    1.157e-23
9.902e+1    1.035e-23
1.055e+2    9.315e-24
1.123e+2    8.426e-24
1.196e+2    7.658e-24
1.274e+2    6.993e-24
1.357e+2    6.407e-24
1.446e+2    5.907e-24
1.540e+2    5.483e-24
1.640e+2    5.120e-24
1.747e+2    4.810e-24
1.860e+2    4.541e-24
1.981e+2    4.299e-24
2.110e+2    4.097e-24
2.248e+2    3.896e-24
2.394e+2    3.716e-24
2.550e+2    3.548e-24
2.716e+2    3.395e-24
2.893e+2    3.267e-24
3.081e+2    3.156e-24
3.282e+2    3.063e-24
3.495e+2    2.981e-24
3.723e+2    2.915e-24
3.965e+2    2.857e-24
4.223e+2    2.805e-24
4.498e+2    2.750e-24
4.791e+2    2.700e-24
5.103e+2    2.657e-24
5.435e+2    2.614e-24
5.789e+2    2.570e-24
6.166e+2    2.544e-24
6.567e+2    2.513e-24
6.995e+2    2.501e-24
7.450e+2    2.481e-24
7.935e+2    2.476e-24
8.452e+2    2.476e-24
9.002e+2    2.476e-24
9.588e+2    2.476e-24
1.021e+3    2.476e-24
1.088e+3    2.476e-24
1.158e+3    2.476e-24
1.234e+3    2.476e-24
1.314e+3    2.476e-24
1.400e+3    2.476e-24
1.491e+3    2.476e-24
1.588e+3    2.476e-24
1.691e+3    2.489e-24
1.801e+3    2.513e-24
1.919e+3    2.527e-24
2.044e+3    2.551e-24
2.177e+3    2.572e-24
2.318e+3    2.593e-24
2.469e+3    2.617e-24
2.630e+3    2.626e-24
2.801e+3    2.675e-24
2.983e+3    2.713e-24
3.178e+3    2.748e-24
3.385e+3    2.793e-24
3.605e+3    2.853e-24
3.840e+3    2.907e-24
4.090e+3    2.969e-24
4.356e+3    3.020e-24
4.639e+3    3.067e-24
4.941e+3    3.124e-24
5.263e+3    3.195e-24
5.606e+3    3.280e-24
5.970e+3    3.363e-24
6.359e+3    3.425e-24
6.773e+3    3.460e-24
7.214e+3    3.524e-24
7.684e+3    3.646e-24
8.184e+3    3.777e-24
8.717e+3    3.904e-24
9.284e+3    4.039e-24
9.888e+3    4.184e-24
1.053e+4    4.351e-24
1.122e+4    4.501e-24
1.195e+4    4.650e-24
1.273e+4    4.814e-24
1.355e+4    5.000e-24
1.444e+4    5.190e-24
1.538e+4    5.405e-24
1.638e+4    5.633e-24
1.744e+4    5.871e-24
1.858e+4    6.127e-24
1.979e+4    6.407e-24
2.108e+4    6.701e-24
2.245e+4    7.007e-24
2.391e+4    7.333e-24
2.547e+4    7.689e-24
2.712e+4    8.079e-24
2.889e+4    8.506e-24
3.077e+4    8.937e-24
3.277e+4    9.410e-24
3.491e+4    9.907e-24
3.718e+4    1.042e-23
3.960e+4    1.097e-23
4.218e+4    1.155e-23
4.492e+4    1.218e-23
4.785e+4    1.283e-23
5.096e+4    1.355e-23
5.428e+4    1.425e-23
5.781e+4    1.499e-23
6.158e+4    1.575e-23
6.558e+4    1.656e-23
6.985e+4    1.742e-23
7.440e+4    1.831e-23
7.924e+4    1.937e-23
8.440e+4    2.063e-23
8.990e+4    2.215e-23
9.575e+4    2.404e-23
9.938e+4    2.544e-23
