bounds/hawc/hawc_2018_multidsph_dec_bb.ecsv
# %ECSV 0.9
# %Part of https://github.com/moritzhuetten/DMbounds under the 
# %Creative Commons Attribution-NonCommercial-ShareAlike 3.0 Unported License, see LICENSE.rst 
# ---
# datatype:
# - {name: mass      , unit: TeV     , datatype: float32 , description: DM mass              }
# - {name: tau       , unit: s       , datatype: float32 , description: Lifetime             }
# meta: !!omap
# - {reference:        "Dark Matter Limits From Dwarf Spheroidal Galaxies with The HAWC Gamma-Ray Observatory"}
# - {doi:              "10.3847/1538-4357/aaa6d8"}
# - {arxiv:            "1706.01277"}
# - {instrument:       "hawc"}
# - {year:             "2018"}
# - {source:           "multidsph-15"}
# - {channel:          "bb"}
# - {confidence        "0.95" }
# - {dmfraction:       "1"}
# - {obs_time:         "507d"}
# - {figure:           "Fig. 5"}
# - {comment:          ""}
# - {status:           ""}
# schema : astropy −2.0

mass tau

1.001e+0 1.055e+24
1.077e+0 1.261e+24
1.112e+0 1.349e+24
1.147e+0 1.432e+24
1.184e+0 1.575e+24
1.222e+0 1.704e+24
1.261e+0 1.856e+24
1.302e+0 2.028e+24
1.344e+0 2.147e+24
1.387e+0 2.324e+24
1.431e+0 2.507e+24
1.477e+0 2.706e+24
1.525e+0 2.928e+24
1.574e+0 3.151e+24
1.624e+0 3.355e+24
1.677e+0 3.671e+24
1.713e+0 3.807e+24
1.859e+0 4.761e+24
1.919e+0 5.195e+24
1.778e+0 4.217e+24
2.009e+0 5.766e+24
2.074e+0 6.166e+24
2.140e+0 6.666e+24
2.209e+0 7.195e+24
2.280e+0 7.772e+24
2.353e+0 8.341e+24
2.429e+0 8.782e+24
2.513e+0 9.479e+24
2.640e+0 1.047e+25
2.725e+0 1.112e+25
2.812e+0 1.183e+25
2.902e+0 1.229e+25
2.996e+0 1.262e+25
3.092e+0 1.296e+25
3.191e+0 1.324e+25
3.294e+0 1.360e+25
3.399e+0 1.390e+25
3.508e+0 1.445e+25
3.621e+0 1.557e+25
3.737e+0 1.680e+25
3.857e+0 1.816e+25
3.981e+0 1.960e+25
4.109e+0 2.119e+25
4.241e+0 2.282e+25
4.377e+0 2.407e+25
4.518e+0 2.518e+25
4.663e+0 2.634e+25
4.813e+0 2.757e+25
4.967e+0 2.882e+25
5.127e+0 3.013e+25
5.291e+0 3.151e+25
5.461e+0 3.254e+25
5.637e+0 3.377e+25
5.818e+0 3.493e+25
6.004e+0 3.630e+25
6.197e+0 3.754e+25
6.396e+0 3.888e+25
6.602e+0 4.023e+25
6.814e+0 4.140e+25
7.032e+0 4.275e+25
7.258e+0 4.408e+25
7.491e+0 4.546e+25
7.732e+0 4.694e+25
7.980e+0 4.834e+25
8.236e+0 4.995e+25
8.501e+0 5.140e+25
8.774e+0 5.316e+25
9.056e+0 5.470e+25
9.346e+0 5.656e+25
9.647e+0 5.820e+25
9.956e+0 6.006e+25
1.028e+1 6.171e+25
1.061e+1 6.341e+25
1.095e+1 6.530e+25
1.130e+1 6.685e+25
1.166e+1 6.909e+25
1.204e+1 7.155e+25
1.242e+1 7.378e+25
1.282e+1 7.576e+25
1.323e+1 7.874e+25
1.366e+1 8.190e+25
1.410e+1 8.544e+25
1.466e+1 8.823e+25
1.937e+1 1.182e+26
1.996e+1 1.237e+26
2.060e+1 1.293e+26
2.126e+1 1.350e+26
2.194e+1 1.395e+26
2.265e+1 1.443e+26
2.337e+1 1.494e+26
2.412e+1 1.553e+26
2.490e+1 1.612e+26
2.570e+1 1.671e+26
2.652e+1 1.727e+26
2.737e+1 1.767e+26
2.825e+1 1.800e+26
2.916e+1 1.842e+26
3.010e+1 1.883e+26
3.106e+1 1.920e+26
3.206e+1 1.963e+26
3.309e+1 2.027e+26
3.415e+1 2.087e+26
3.525e+1 2.160e+26
3.638e+1 2.226e+26
3.755e+1 2.302e+26
3.876e+1 2.372e+26
4.000e+1 2.442e+26
4.129e+1 2.495e+26
4.261e+1 2.544e+26
4.398e+1 2.601e+26
4.539e+1 2.661e+26
4.685e+1 2.705e+26
4.835e+1 2.767e+26
4.991e+1 2.833e+26
5.151e+1 2.880e+26
5.316e+1 2.951e+26
5.487e+1 3.017e+26
5.663e+1 3.065e+26
5.845e+1 3.143e+26
6.033e+1 3.213e+26
6.227e+1 3.264e+26
6.426e+1 3.344e+26
6.633e+1 3.421e+26
6.846e+1 3.478e+26
7.066e+1 3.559e+26
7.293e+1 3.641e+26
7.527e+1 3.662e+26
7.768e+1 3.701e+26
8.018e+1 3.741e+26
8.275e+1 3.789e+26
8.541e+1 3.838e+26
8.815e+1 3.880e+26
9.098e+1 3.922e+26
9.391e+1 3.941e+26
9.692e+1 4.018e+26
1.001e+2 4.082e+26
