bounds/hawc/hawc_2018_multidsph_dec_tt.ecsv
# %ECSV 0.9
# %Part of https://github.com/moritzhuetten/DMbounds under the 
# %Creative Commons Attribution-NonCommercial-ShareAlike 3.0 Unported License, see LICENSE.rst 
# ---
# datatype:
# - {name: mass      , unit: TeV     , datatype: float32 , description: DM mass              }
# - {name: tau       , unit: s       , datatype: float32 , description: Lifetime             }
# meta: !!omap
# - {reference:        "Dark Matter Limits From Dwarf Spheroidal Galaxies with The HAWC Gamma-Ray Observatory"}
# - {doi:              "10.3847/1538-4357/aaa6d8"}
# - {arxiv:            "1706.01277"}
# - {instrument:       "hawc"}
# - {year:             "2018"}
# - {source:           "multidsph-15"}
# - {channel:          "tt"}
# - {confidence        "0.95" }
# - {dmfraction:       "1"}
# - {obs_time:         "507d"}
# - {figure:           "Fig. 5"}
# - {comment:          ""}
# - {status:           ""}
# schema : astropy −2.0

mass tau

1.003e+0 6.787e+23
1.086e+0 7.844e+23
1.121e+0 8.240e+23
1.157e+0 8.724e+23
1.194e+0 9.237e+23
1.233e+0 9.788e+23
1.272e+0 1.036e+24
1.313e+0 1.097e+24
1.355e+0 1.162e+24
1.399e+0 1.229e+24
1.444e+0 1.301e+24
1.490e+0 1.378e+24
1.538e+0 1.459e+24
1.587e+0 1.527e+24
1.638e+0 1.598e+24
1.691e+0 1.665e+24
1.745e+0 1.723e+24
1.815e+0 1.845e+24
1.886e+0 1.943e+24
1.947e+0 2.057e+24
2.009e+0 2.189e+24
2.074e+0 2.344e+24
2.140e+0 2.507e+24
2.209e+0 2.683e+24
2.280e+0 2.868e+24
2.353e+0 3.062e+24
2.429e+0 3.254e+24
2.507e+0 3.460e+24
2.587e+0 3.679e+24
2.670e+0 3.910e+24
2.756e+0 4.157e+24
2.845e+0 4.421e+24
2.936e+0 4.694e+24
3.030e+0 4.995e+24
3.128e+0 5.307e+24
3.228e+0 5.644e+24
3.332e+0 6.006e+24
3.439e+0 6.350e+24
3.549e+0 6.694e+24
3.663e+0 7.094e+24
3.770e+0 7.356e+24
3.970e+0 7.963e+24
4.097e+0 8.383e+24
4.498e+0 9.648e+24
4.744e+0 1.042e+25
4.896e+0 1.106e+25
5.054e+0 1.141e+25
5.216e+0 1.190e+25
5.383e+0 1.249e+25
5.556e+0 1.308e+25
5.735e+0 1.368e+25
5.919e+0 1.436e+25
6.109e+0 1.507e+25
6.305e+0 1.580e+25
6.508e+0 1.649e+25
6.716e+0 1.720e+25
6.932e+0 1.795e+25
7.155e+0 1.868e+25
7.385e+0 1.950e+25
7.622e+0 2.037e+25
7.866e+0 2.126e+25
8.119e+0 2.266e+25
8.380e+0 2.418e+25
8.649e+0 2.578e+25
8.926e+0 2.753e+25
9.213e+0 2.936e+25
9.509e+0 3.131e+25
9.814e+0 3.341e+25
1.013e+1 3.561e+25
1.045e+1 3.767e+25
1.079e+1 3.969e+25
1.114e+1 4.199e+25
1.149e+1 4.440e+25
1.180e+1 4.633e+25
1.222e+1 4.991e+25
1.406e+1 5.953e+25
1.608e+1 6.676e+25
1.831e+1 7.487e+25
2.165e+1 8.591e+25
2.550e+1 1.009e+26
2.867e+1 1.106e+26
3.197e+1 1.212e+26
3.367e+1 1.310e+26
3.475e+1 1.362e+26
3.586e+1 1.412e+26
3.702e+1 1.502e+26
3.820e+1 1.583e+26
3.943e+1 1.654e+26
4.070e+1 1.704e+26
4.200e+1 1.736e+26
4.335e+1 1.772e+26
4.474e+1 1.811e+26
4.618e+1 1.850e+26
4.766e+1 1.891e+26
4.920e+1 1.924e+26
5.072e+1 1.978e+26
5.215e+1 2.065e+26
5.599e+1 2.215e+26
5.964e+1 2.333e+26
6.155e+1 2.375e+26
6.353e+1 2.490e+26
6.557e+1 2.544e+26
6.768e+1 2.582e+26
6.985e+1 2.642e+26
7.209e+1 2.690e+26
7.441e+1 2.746e+26
7.680e+1 2.819e+26
7.926e+1 2.870e+26
8.181e+1 2.926e+26
8.444e+1 3.002e+26
8.715e+1 3.056e+26
8.994e+1 3.114e+26
9.283e+1 3.195e+26
9.581e+1 3.255e+26
9.847e+1 3.303e+26