bounds/hawc/hawc_2018_multidsph_dec_mumu.ecsv
# %ECSV 0.9
# %Part of https://github.com/moritzhuetten/DMbounds under the 
# %Creative Commons Attribution-NonCommercial-ShareAlike 3.0 Unported License, see LICENSE.rst 
# ---
# datatype:
# - {name: mass      , unit: TeV     , datatype: float32 , description: DM mass              }
# - {name: tau       , unit: s       , datatype: float32 , description: Lifetime             }
# meta: !!omap
# - {reference:        "Dark Matter Limits From Dwarf Spheroidal Galaxies with The HAWC Gamma-Ray Observatory"}
# - {doi:              "10.3847/1538-4357/aaa6d8"}
# - {arxiv:            "1706.01277"}
# - {instrument:       "hawc"}
# - {year:             "2018"}
# - {source:           "multidsph-15"}
# - {channel:          "mumu"}
# - {confidence        "0.95" }
# - {dmfraction:       "1"}
# - {obs_time:         "507d"}
# - {figure:           "Fig. 5"}
# - {comment:          ""}
# - {status:           ""}
# schema : astropy −2.0

mass tau

1.002e+0 7.186e+24
1.038e+0 6.603e+24
1.090e+0 7.164e+24
1.125e+0 7.515e+24
1.161e+0 7.884e+24
1.198e+0 8.252e+24
1.236e+0 8.602e+24
1.276e+0 9.004e+24
1.317e+0 9.494e+24
1.367e+0 1.001e+25
1.411e+0 1.067e+25
1.456e+0 1.091e+25
1.503e+0 1.132e+25
1.551e+0 1.183e+25
1.601e+0 1.236e+25
1.653e+0 1.289e+25
1.706e+0 1.347e+25
1.760e+0 1.407e+25
1.817e+0 1.467e+25
1.875e+0 1.532e+25
1.936e+0 1.607e+25
1.998e+0 1.692e+25
2.062e+0 1.778e+25
2.128e+0 1.871e+25
2.196e+0 1.971e+25
2.267e+0 2.074e+25
2.340e+0 2.180e+25
2.415e+0 2.270e+25
2.492e+0 2.368e+25
2.572e+0 2.470e+25
2.655e+0 2.575e+25
2.740e+0 2.684e+25
2.828e+0 2.797e+25
2.919e+0 2.854e+25
3.013e+0 2.866e+25
3.110e+0 2.924e+25
3.209e+0 2.938e+25
3.313e+0 2.993e+25
3.419e+0 3.006e+25
3.529e+0 3.043e+25
3.642e+0 3.063e+25
3.759e+0 3.116e+25
3.880e+0 3.149e+25
4.004e+0 3.190e+25
4.133e+0 3.215e+25
4.266e+0 3.247e+25
4.403e+0 3.356e+25
4.544e+0 3.446e+25
4.690e+0 3.566e+25
4.840e+0 3.653e+25
4.996e+0 3.784e+25
5.156e+0 3.885e+25
5.322e+0 4.015e+25
5.493e+0 4.134e+25
5.669e+0 4.257e+25
5.851e+0 4.396e+25
6.039e+0 4.514e+25
6.233e+0 4.671e+25
6.433e+0 4.796e+25
6.640e+0 4.925e+25
6.853e+0 5.038e+25
7.073e+0 5.166e+25
7.300e+0 5.297e+25
7.535e+0 5.431e+25
7.776e+0 5.560e+25
8.026e+0 5.697e+25
8.284e+0 5.837e+25
8.550e+0 5.993e+25
8.824e+0 6.145e+25
9.108e+0 6.292e+25
9.400e+0 6.437e+25
9.702e+0 6.595e+25
1.001e+1 6.772e+25
1.034e+1 6.928e+25
1.067e+1 7.109e+25
1.101e+1 7.278e+25
1.136e+1 7.468e+25
1.173e+1 7.657e+25
1.210e+1 7.840e+25
1.249e+1 8.044e+25
1.289e+1 8.236e+25
1.331e+1 8.450e+25
1.374e+1 8.645e+25
1.418e+1 8.858e+25
1.463e+1 9.082e+25
1.510e+1 9.312e+25
1.559e+1 9.555e+25
1.609e+1 9.783e+25
1.660e+1 1.002e+26
1.714e+1 1.026e+26
1.769e+1 1.052e+26
1.826e+1 1.078e+26
1.884e+1 1.104e+26
1.945e+1 1.132e+26
2.007e+1 1.159e+26
2.072e+1 1.188e+26
2.138e+1 1.219e+26
2.207e+1 1.251e+26
2.278e+1 1.281e+26
2.351e+1 1.312e+26
2.426e+1 1.343e+26
2.504e+1 1.377e+26
2.585e+1 1.411e+26
2.668e+1 1.446e+26
2.753e+1 1.484e+26
2.842e+1 1.519e+26
2.933e+1 1.557e+26
3.027e+1 1.593e+26
3.124e+1 1.635e+26
3.225e+1 1.676e+26
3.328e+1 1.704e+26
3.435e+1 1.737e+26
3.545e+1 1.767e+26
3.659e+1 1.795e+26
3.777e+1 1.828e+26
3.898e+1 1.856e+26
4.023e+1 1.897e+26
4.152e+1 1.929e+26
4.286e+1 1.966e+26
4.423e+1 2.000e+26
4.565e+1 2.034e+26
4.712e+1 2.069e+26
4.863e+1 2.102e+26
5.019e+1 2.117e+26
5.181e+1 2.152e+26
5.347e+1 2.158e+26
5.519e+1 2.185e+26
5.696e+1 2.204e+26
5.879e+1 2.223e+26
6.068e+1 2.239e+26
6.262e+1 2.259e+26
6.464e+1 2.292e+26
6.671e+1 2.302e+26
6.885e+1 2.338e+26
7.106e+1 2.360e+26
7.335e+1 2.362e+26
7.570e+1 2.335e+26
7.813e+1 2.302e+26
8.064e+1 2.289e+26
8.323e+1 2.247e+26
8.590e+1 2.234e+26
8.866e+1 2.208e+26
9.151e+1 2.197e+26
9.445e+1 2.155e+26
9.748e+1 2.146e+26
9.994e+1 2.135e+26