bounds/hawc/hawc_2018_multidsph_dec_WW.ecsv
# %ECSV 0.9
# %Part of https://github.com/moritzhuetten/DMbounds under the 
# %Creative Commons Attribution-NonCommercial-ShareAlike 3.0 Unported License, see LICENSE.rst 
# ---
# datatype:
# - {name: mass      , unit: TeV     , datatype: float32 , description: DM mass              }
# - {name: tau       , unit: s       , datatype: float32 , description: Lifetime             }
# meta: !!omap
# - {reference:        "Dark Matter Limits From Dwarf Spheroidal Galaxies with The HAWC Gamma-Ray Observatory"}
# - {doi:              "10.3847/1538-4357/aaa6d8"}
# - {arxiv:            "1706.01277"}
# - {instrument:       "hawc"}
# - {year:             "2018"}
# - {source:           "multidsph-15"}
# - {channel:          "WW"}
# - {confidence        "0.95" }
# - {dmfraction:       "1"}
# - {obs_time:         "507d"}
# - {figure:           "Fig. 5"}
# - {comment:          ""}
# - {status:           ""}
# schema : astropy −2.0

mass tau

1.004e+0 8.674e+23
1.056e+0 9.697e+23
1.090e+0 1.044e+24
1.125e+0 1.117e+24
1.161e+0 1.198e+24
1.198e+0 1.303e+24
1.236e+0 1.420e+24
1.269e+0 1.524e+24
1.313e+0 1.652e+24
1.358e+0 1.795e+24
1.484e+0 2.210e+24
1.545e+0 2.391e+24
1.623e+0 2.663e+24
1.689e+0 2.892e+24
1.825e+0 3.314e+24
1.942e+0 3.743e+24
2.076e+0 4.551e+24
2.027e+0 4.202e+24
2.134e+0 4.861e+24
2.184e+0 5.173e+24
2.254e+0 5.500e+24
2.326e+0 5.933e+24
2.401e+0 6.114e+24
2.478e+0 6.419e+24
2.558e+0 6.723e+24
2.643e+0 6.890e+24
2.717e+0 6.977e+24
2.812e+0 7.542e+24
2.902e+0 7.822e+24
2.996e+0 8.118e+24
3.092e+0 8.425e+24
3.191e+0 8.645e+24
3.294e+0 9.042e+24
3.600e+0 1.025e+25
3.716e+0 1.055e+25
3.835e+0 1.092e+25
3.959e+0 1.132e+25
4.086e+0 1.175e+25
4.217e+0 1.222e+25
4.352e+0 1.269e+25
4.492e+0 1.319e+25
4.636e+0 1.367e+25
4.785e+0 1.420e+25
4.939e+0 1.476e+25
5.097e+0 1.533e+25
5.261e+0 1.595e+25
5.430e+0 1.667e+25
5.604e+0 1.743e+25
5.784e+0 1.823e+25
5.970e+0 1.909e+25
6.162e+0 1.994e+25
6.360e+0 2.085e+25
6.564e+0 2.183e+25
6.775e+0 2.280e+25
6.992e+0 2.382e+25
7.217e+0 2.493e+25
7.448e+0 2.610e+25
7.688e+0 2.726e+25
7.934e+0 2.849e+25
8.189e+0 2.987e+25
8.452e+0 3.118e+25
8.724e+0 3.254e+25
9.004e+0 3.411e+25
9.293e+0 3.566e+25
9.591e+0 3.727e+25
9.899e+0 3.896e+25
1.022e+1 4.087e+25
1.055e+1 4.275e+25
1.088e+1 4.469e+25
1.123e+1 4.674e+25
1.159e+1 4.896e+25
1.197e+1 5.074e+25
1.235e+1 5.236e+25
1.275e+1 5.408e+25
1.316e+1 5.576e+25
1.358e+1 5.750e+25
1.402e+1 5.934e+25
1.447e+1 6.123e+25
1.493e+1 6.305e+25
1.541e+1 6.460e+25
1.590e+1 6.652e+25
1.641e+1 6.830e+25
1.694e+1 7.008e+25
1.749e+1 7.211e+25
1.805e+1 7.410e+25
1.863e+1 7.613e+25
1.922e+1 7.828e+25
1.984e+1 8.055e+25
2.048e+1 8.271e+25
2.114e+1 8.499e+25
2.182e+1 8.739e+25
2.252e+1 8.998e+25
2.324e+1 9.239e+25
2.399e+1 9.500e+25
2.476e+1 9.762e+25
2.555e+1 1.004e+26
2.637e+1 1.031e+26
2.722e+1 1.056e+26
2.809e+1 1.083e+26
2.899e+1 1.108e+26
2.993e+1 1.136e+26
3.089e+1 1.163e+26
3.188e+1 1.191e+26
3.290e+1 1.215e+26
3.396e+1 1.239e+26
3.505e+1 1.269e+26
3.617e+1 1.299e+26
3.734e+1 1.332e+26
3.853e+1 1.359e+26
3.977e+1 1.389e+26
4.105e+1 1.423e+26
4.237e+1 1.450e+26
4.373e+1 1.486e+26
4.513e+1 1.521e+26
4.658e+1 1.551e+26
4.808e+1 1.587e+26
4.962e+1 1.623e+26
5.121e+1 1.656e+26
5.286e+1 1.695e+26
5.456e+1 1.732e+26
5.631e+1 1.770e+26
5.812e+1 1.812e+26
5.998e+1 1.856e+26
6.191e+1 1.920e+26
6.390e+1 1.975e+26
6.595e+1 2.047e+26
6.807e+1 2.086e+26
7.025e+1 2.140e+26
7.251e+1 2.216e+26
7.441e+1 2.260e+26
8.157e+1 2.406e+26
8.419e+1 2.420e+26
8.690e+1 2.485e+26
8.969e+1 2.499e+26
9.257e+1 2.499e+26
9.554e+1 2.499e+26
9.936e+1 2.470e+26