bounds/fermi/lat_2017_multidsph_ann_bb.ecsv
# %ECSV 0.9
# %Part of https://github.com/moritzhuetten/DMbounds under the 
# %Creative Commons Attribution-NonCommercial-ShareAlike 3.0 Unported License, see LICENSE.rst 
# ---
# datatype:
# - {name: mass      , unit: GeV     , datatype: float32 , description: DM mass              }
# - {name: sigmav    , unit: cm3s-1  , datatype: float32 , description: <sigmav>             }
# meta: !!omap
# - {reference:        "Searching for Dark Matter Annihilation in Recently Discovered Milky Way Satellites with Fermi-LAT"}
# - {doi:              "10.3847/1538-4357/834/2/110"}
# - {arxiv:            "1611.03184"}
# - {instrument:       "lat"}
# - {year:             "2017"}
# - {source:           "45 dSph galaxies"}
# - {channel:          "bb"}
# - {confidence        "0.95" }
# - {dmfraction:       "1"}
# - {obs_hours:        "6 years"}
# - {figure:           "Fig. 9"}
# - {comment:          ""}
# - {status:           ""}
# schema : astropy −2.0

mass sigmav

6.088628804360974 7.004979118052815e-27
6.47482051389648 6.95048021813825e-27
6.885507728299536 6.896405320928312e-27
7.322244157149873 6.866173281265615e-27
7.786682059270079 6.822738599082885e-27
8.280578493541958 6.896405320928312e-27
8.80580196620191 6.974271119221791e-27
9.364339499763302 7.053016083147529e-27
9.958304150308948 7.13265013917153e-27
10.589943001593122 7.323168630260766e-27
11.26164566619628 7.511438973079691e-27
11.975953325894032 7.719608220511755e-27
12.735568345441905 7.925804806812115e-27
13.54336449614659 8.145457636029077e-27
14.402397827901527 8.354868094667884e-27
15.315918230817838 8.594798881638907e-27
16.287381730190475 8.906598410541586e-27
17.32046356131382 9.306621649829719e-27
18.4190720736114 9.734110015360078e-27
19.587363516681588 1.0176265754209294e-26
20.829757764197964 1.0648897186606254e-26
22.150955035150723 1.1127172522607879e-26
23.555953675688922 1.163828568199479e-26
25.050069068835832 1.2149130497983234e-26
26.63895374361632 1.2682398068761588e-26
28.3286187596731 1.3187471901459265e-26
30.125456448274132 1.3726054478649244e-26
32.03626459574461 1.4286633022512752e-26
34.06827216081423 1.4899169762406917e-26
36.12803436740614 1.556149990264596e-26
39.61928991034616 1.6555965737317042e-26
42.1322762973797 1.7452222617977955e-26
44.804657277191254 1.8289546807132712e-26
47.64654298660379 1.9176402937057323e-26
50.66868483178802 2.009644999304868e-26
53.8825161629226 2.1019556022683848e-26
57.30019552878064 2.198506380696921e-26
60.934652674883644 2.284945759341822e-26
66.26507013059606 2.457334091439932e-26
70.46815452587003 2.558941625426655e-26
74.93783365044823 2.6869562019670937e-26
79.69101716947391 2.821374883878282e-26
84.74568730033472 2.962518045344978e-26
90.1209668428872 3.1122409662280554e-26
95.83719152472666 3.2663402412624013e-26
101.9159869351985 3.436446905597506e-26
108.38035033920686 3.6171778039443256e-26
115.25473768033953 3.811132784004382e-26
122.56515610245711 4.013528038917286e-26
130.3392623397746 4.226671761945249e-26
138.60646734766433 4.453308129229867e-26
147.39804757001775 4.6898069565087234e-26
156.74726326411437 4.941276876992943e-26
166.6894843306412 5.221501717898246e-26
177.26232412490384 5.523007907409165e-26
188.50578175546272 5.841924027477377e-26
200.46239340853757 6.176239698157877e-26
213.17739327066937 6.53287550860193e-26
226.69888465844372 6.906732246015414e-26
241.07802200268927 7.30911612484963e-26
256.36920437563526 7.746278553245552e-26
272.6302812931785 8.201576761244353e-26
289.9227715708494 8.696361890063071e-26
308.3120960614509 9.220996440624325e-26
327.86782515486584 9.78683144671487e-26
348.66394197636646 1.0377251898666504e-25
370.77912227916244 1.1019416933342175e-25
394.29703209007164 1.1712750064643616e-25
419.3066442343648 1.242542145488422e-25
445.90257493726455 1.3194331304751207e-25
474.1854417755194 1.401766392154009e-25
505.438276922088 1.4649624684106717e-25
536.2467690022273 1.536498127793188e-25
572.4714893526589 1.6164029489872556e-25
606.4306744395167 1.6454971262285581e-25
644.8955745675751 1.6815391849239656e-25
685.8002400376965 1.7598214831196153e-25
729.2994211522223 1.8290129473165885e-25
775.557683770613 1.8840030638971493e-25
823.9818979076738 1.8990698563886235e-25
879.7909249214937 1.9241611461543726e-25
932.693205809264 1.961250548104415e-25
991.8524016146702 2.000898982876921e-25
1054.7639678957526 2.0553475901183745e-25
1121.6659113392998 2.1164372821090297e-25
1192.811335004734 2.181471444916661e-25
1268.4693958621901 2.246309830062373e-25
1348.9263230656704 2.313075362225323e-25
1434.4865008135807 2.381825320679513e-25
1525.473619893332 2.455014361996179e-25
1622.231902266527 2.5552783073529844e-25
1725.1274033275563 2.700190740914572e-25
1834.5493967623383 2.8519287890814818e-25
1950.9118472463483 3.0151360614407504e-25
2074.654976553474 3.186127496277985e-25
2206.246929000576 3.3651729096891845e-25
2346.1855425284575 3.5542798351086245e-25
2495.00023211958 3.763187535564732e-25
2653.2539926778836 4.027394303263438e-25
2821.5455289479637 4.320683472854378e-25
3000.5115205315205 4.630807710770675e-25
3190.8290305700802 4.968039589687244e-25
3393.218067206503 5.324628888896406e-25
3608.444307515755 5.723552261588108e-25
3837.3219942101764 6.188508422116069e-25
4080.7170160779524 6.694502714961902e-25
4339.550183808755 7.231271232449683e-25
4614.800713599607 7.814892044233735e-25
4907.509931720145 8.44973943161809e-25
5218.78521405235 9.16743131606166e-25
5549.804175508825 9.970387177294026e-25
5901.819125178919 1.082780375300441e-24
6276.161804057565 1.1764696564863516e-24
6674.248423280331 1.278265550619219e-24
7097.5850219255135 1.3902261184920152e-24
7547.773164652777 1.5149482941101772e-24
8026.516000733645 1.6532791305560726e-24
8535.624707396331 1.801600736174246e-24
9077.025341861323 1.964187395134831e-24
9652.76612799033 2.1147146232312824e-24
10009.996451277138 2.2562789361516105e-24