bounds/veritas/veritas_2012_comacluster_ann_WW.ecsv
# %ECSV 0.9
# %Part of https://github.com/moritzhuetten/DMbounds under the 
# %Creative Commons Attribution-NonCommercial-ShareAlike 3.0 Unported License, see LICENSE.rst 
# ---
# datatype:
# - {name: mass      , unit: TeV     , datatype: float32 , description: DM mass              }
# - {name: sigmav    , unit: cm3s-1  , datatype: float32 , description: <sigmav>             }
# meta: !!omap
# - {reference:        "Constraints on Cosmic Rays, Magnetic Fields, and Dark Matter from Gamma- Ray Observations of the Coma Cluster of Galaxies with VERITAS and Fermi"}
# - {doi:              "10.1088/0004-637X/757/2/123"}
# - {arxiv:            "1208.0676"}
# - {instrument:       "veritas"}
# - {year:             "2012"}
# - {source:           "comacluster"}
# - {channel:          "WW"}
# - {confidence        "0.95" }
# - {dmfraction:       "1"}
# - {obs_time:         "18.6h"}
# - {figure:           "Fig. 6"}
# - {comment:          ""}
# - {status:           ""}
# schema : astropy −2.0

mass sigmav
       
2.04029e-1 9.54592e-19
2.09282e-1 7.28523e-19
2.14207e-1 5.97318e-19
2.17845e-1 4.97217e-19
2.21068e-1 4.39262e-19
2.24810e-1 3.86217e-19
2.28615e-1 3.36195e-19
2.32485e-1 2.95174e-19
2.36420e-1 2.61018e-19
2.40927e-1 2.27277e-19
2.46035e-1 1.97219e-19
2.50725e-1 1.74647e-19
2.55504e-1 1.54041e-19
2.60921e-1 1.36450e-19
2.73424e-1 1.06671e-19
2.65895e-1 1.22153e-19
2.78674e-1 9.63602e-20
2.83601e-1 8.74843e-20
2.91382e-1 7.68049e-20
2.96735e-1 6.87021e-20
3.08606e-1 5.79896e-20
3.17805e-1 5.12584e-20
3.27966e-1 4.50546e-20
3.39162e-1 3.97273e-20
3.51477e-1 3.50327e-20
3.65005e-1 3.07728e-20
3.79849e-1 2.71307e-20
3.96127e-1 2.39091e-20
4.13970e-1 2.12018e-20
4.33526e-1 1.87924e-20
4.54005e-1 1.67872e-20
4.75452e-1 1.51369e-20
4.97912e-1 1.37129e-20
5.21433e-1 1.25202e-20
5.46065e-1 1.15087e-20
5.71861e-1 1.06396e-20
5.98875e-1 9.86178e-21
6.27166e-1 9.16937e-21
6.56793e-1 8.61470e-21
6.87819e-1 8.09358e-21
7.20311e-1 7.65556e-21
7.54338e-1 7.26765e-21
7.89972e-1 6.91017e-21
8.27290e-1 6.60797e-21
8.66371e-1 6.31241e-21
9.07297e-1 6.07728e-21
9.50157e-1 5.85092e-21
9.95042e-1 5.66824e-21
1.04205e+0 5.49127e-21
1.09127e+0 5.34478e-21
1.14282e+0 5.20761e-21
1.19681e+0 5.07924e-21
1.25335e+0 4.98245e-21
1.31255e+0 4.89769e-21
1.37456e+0 4.82689e-21
1.43949e+0 4.75713e-21
1.50749e+0 4.70791e-21
1.57870e+0 4.66648e-21
1.65328e+0 4.60621e-21
1.73138e+0 4.60142e-21
1.81317e+0 4.60142e-21
1.89882e+0 4.60142e-21
1.98852e+0 4.60142e-21
2.08246e+0 4.60142e-21
2.18869e+0 4.59443e-21
2.28465e+0 4.64098e-21
2.39174e+0 4.66840e-21
2.50472e+0 4.66489e-21
2.62305e+0 4.77199e-21
2.74696e+0 4.84198e-21
2.87672e+0 4.86216e-21
3.01261e+0 4.96720e-21
3.15493e+0 5.01913e-21
3.30396e+0 5.09829e-21
3.46004e+0 5.15508e-21
3.62349e+0 5.25841e-21
3.79466e+0 5.44012e-21
3.97392e+0 5.57181e-21
4.16164e+0 5.70372e-21
4.35824e+0 5.85092e-21
4.56412e+0 5.99100e-21
4.77972e+0 6.16000e-21
5.00551e+0 6.35441e-21
5.24197e+0 6.53960e-21
5.48960e+0 6.77145e-21
5.74892e+0 6.92978e-21
6.02050e+0 7.12395e-21
6.30490e+0 7.42426e-21
6.59483e+0 7.67435e-21
6.91465e+0 7.97245e-21
7.24129e+0 8.24651e-21
7.58336e+0 8.57002e-21
7.94160e+0 8.90621e-21
8.31675e+0 9.24116e-21
8.70963e+0 9.61368e-21
9.12107e+0 1.00116e-20
9.55194e+0 1.04314e-20
1.00032e+1 1.08745e-20
1.04757e+1 1.13423e-20
1.09706e+1 1.18364e-20
1.14888e+1 1.23649e-20
1.20315e+1 1.29506e-20
1.25999e+1 1.35429e-20
1.31951e+1 1.41917e-20
1.38184e+1 1.48716e-20
1.44712e+1 1.56004e-20
1.51548e+1 1.63478e-20
1.58707e+1 1.71578e-20
1.66204e+1 1.79892e-20
1.74056e+1 1.89297e-20
1.82278e+1 1.98676e-20
1.90889e+1 2.08845e-20
1.99225e+1 2.21036e-20