dmbounds/modelpredictions/wimp_huetten2017_analytical_omega012.ecsv
# %ECSV 0.9
# %Part of https://github.com/moritzhuetten/DMbounds under the 
# %Creative Commons Attribution-NonCommercial-ShareAlike 3.0 Unported License, see LICENSE.rst 
# ---
# datatype:
# - {name: mass      , unit: GeV     , datatype: float32 , description: DM mass              }
# - {name: sigmav    , unit: cm3s-1  , datatype: float32 , description: <sigmav>             }
# meta: !!omap
# - {reference:        "Prospects for Galactic dark matter searches with the Cherenkov Telescope Array (CTA)"}
# - {doi:              "10.18452/17766"}
# - {arxiv:            ""}
# - {year:             "2017"}
# - {figure:           "Fig. 2.6"}
# - {comment:          "Analytical calculation, h^2Omega=0.12"}
# - {status:           ""}
# schema : astropy −2.0

mass sigmav

0.01      3.5948293e-26
0.011220  3.6319055e-26
0.012589  3.6702993e-26
0.014125  3.7101606e-26
0.015848  3.7516540e-26
0.017782  3.7949591e-26
0.019952  3.8402709e-26
0.022387  3.8877997e-26
0.025118  3.9377696e-26
0.028183  3.9904172e-26
0.031622  4.0459876e-26
0.035481  4.1047286e-26
0.039810  4.1668824e-26
0.044668  4.2326727e-26
0.050118  4.3022863e-26
0.056234  4.3758476e-26
0.063095  4.4533844e-26
0.070794  4.5347806e-26
0.079432  4.6197167e-26
0.089125  4.7075944e-26
0.1       4.7974479e-26
0.112201  4.8878471e-26
0.125892  4.9768087e-26
0.141253  5.0617426e-26
0.158489  5.1394834e-26
0.177827  5.2064773e-26
0.199526  5.2592152e-26
0.223872  5.2950035e-26
0.251188  5.3131341e-26
0.281838  5.3164634e-26
0.316227  5.3211829e-26
0.354813  5.3457877e-26
0.398107  5.3628062e-26
0.446683  5.3372265e-26
0.501187  5.2956170e-26
0.562341  5.2458090e-26
0.630957  5.1936819e-26
0.707945  5.1351040e-26
0.794328  5.0467218e-26
0.891250  4.9630125e-26
1.        4.8973235e-26
1.122018  4.8450145e-26
1.258925  4.7963837e-26
1.412537  4.7511263e-26
1.584893  4.7106706e-26
1.778279  4.6725958e-26
1.995262  4.6338049e-26
2.238721  4.5794801e-26
2.511886  4.4710080e-26
2.818382  4.3223306e-26
3.162277  4.1754395e-26
3.548133  3.8870195e-26
3.981071  3.6081142e-26
4.466835  3.2431758e-26
5.011872  2.8316870e-26
5.623413  2.6490476e-26
6.309573  2.6126469e-26
7.079457  2.5868389e-26
7.943282  2.5472776e-26
8.912509  2.5124620e-26
10.		  2.4610355e-26
11.22018  2.4258393e-26
12.58925  2.3962730e-26
14.12537  2.3617505e-26
15.84893  2.3354396e-26
17.78279  2.3175840e-26
19.95262  2.2946690e-26
22.38721  2.2799763e-26
25.11886  2.2672439e-26
28.18382  2.2580688e-26
31.62277  2.2529043e-26
35.48133  2.2466545e-26
39.81071  2.2428644e-26
44.66835  2.2467491e-26
50.11872  2.2529945e-26
56.23413  2.2580795e-26
63.09573  2.2628221e-26
70.79457  2.2705225e-26
79.43282  2.2790702e-26
89.12509  2.2874676e-26
100.      2.2947874e-26
112.2018  2.3033698e-26
125.8925  2.3120959e-26
141.2537  2.3208857e-26
158.4893  2.3303310e-26
177.8279  2.3401701e-26
199.5262  2.3501888e-26
223.8721  2.3602398e-26
251.1886  2.3700719e-26
281.8382  2.3791337e-26
316.2277  2.3868834e-26
354.8133  2.3948312e-26
398.1071  2.4018485e-26
446.6835  2.4069452e-26
501.1872  2.4092183e-26
562.3413  2.4095834e-26
630.9573  2.4082671e-26
707.9457  2.4055627e-26
794.3282  2.4017778e-26
891.2509  2.3967254e-26
1000.     2.3905288e-26
1122.018  2.3838356e-26
1258.925  2.3775926e-26
1412.537  2.3703248e-26
1584.893  2.3614597e-26
1778.279  2.3532703e-26
1995.262  2.3506234e-26
2238.721  2.3500959e-26
2511.886  2.3470337e-26
2818.382  2.3463458e-26
3162.277  2.3484590e-26
3548.133  2.3508243e-26
3981.071  2.3504007e-26
4466.835  2.3531590e-26
5011.872  2.3603500e-26
5623.413  2.3662350e-26
6309.573  2.3714525e-26
7079.457  2.3787464e-26
7943.282  2.3878974e-26
8912.509  2.3976288e-26
10000.    2.4058678e-26
11220.18  2.4130158e-26
12589.25  2.4215279e-26
14125.37  2.4306895e-26
15848.93  2.4403012e-26
17782.79  2.4493359e-26
19952.62  2.4584397e-26
22387.21  2.4676280e-26
25118.86  2.4768880e-26
28183.82  2.4861609e-26
31622.77  2.4957195e-26
35481.33  2.5056335e-26
39810.71  2.5158432e-26
44668.35  2.5262178e-26
50118.72  2.5364715e-26
56234.13  2.5460700e-26
63095.73  2.5540935e-26
70794.57  2.5634785e-26
79432.82  2.5731518e-26
89125.09  2.5828233e-26
100000.   2.5924930e-26