bounds/cta/cta_2021_gc_ann_WW_sens_lstonly.ecsv
# %ECSV 0.9
# %Part of https://github.com/moritzhuetten/DMbounds under the 
# %Creative Commons Attribution-NonCommercial-ShareAlike 3.0 Unported License, see LICENSE.rst 
# ---
# datatype:
# - {name: mass      , unit: GeV     , datatype: float32 , description: DM mass              }
# - {name: sigmav    , unit: cm3s-1  , datatype: float32 , description: <sigmav>             }
# meta: !!omap
# - {reference:        "Sensitivity of the Cherenkov Telescope Array to a dark matter signal from the Galactic centre"}
# - {doi:              "10.1088/1475-7516/2021/01/057"}
# - {arxiv:            "2007.16129"}
# - {instrument:       "cta"}
# - {year:             "2021"}
# - {source:           "gc"}
# - {channel:          "WW"}
# - {confidence        "0.95" }
# - {dmfraction:       "1"}
# - {obs_time:         "525h"}
# - {figure:           "Fig. 24"}
# - {comment:          "sensitivity LST only, with systematic uncertainties"}
# - {status:           ""}
# schema : astropy −2.0

mass sigmav

1.00034e+2 8.89642e-26
1.04704e+2 7.82116e-26
1.07569e+2 7.22847e-26
1.10811e+2 6.66583e-26
1.14458e+2 6.16937e-26
1.18226e+2 5.72329e-26
1.22448e+2 5.31080e-26
1.27508e+2 4.90539e-26
1.33495e+2 4.53117e-26
1.40140e+2 4.19698e-26
1.47515e+2 3.87257e-26
1.56118e+2 3.59310e-26
1.65669e+2 3.35368e-26
1.75804e+2 3.12782e-26
1.86559e+2 2.93871e-26
1.96200e+2 2.78899e-26
2.10085e+2 2.66048e-26
2.22937e+2 2.54073e-26
2.36576e+2 2.44428e-26
2.51050e+2 2.35150e-26
2.66409e+2 2.27239e-26
2.82707e+2 2.22523e-26
3.00003e+2 2.16155e-26
3.18357e+2 2.10449e-26
3.37833e+2 2.07044e-26
3.58502e+2 2.01244e-26
3.82356e+2 1.97049e-26
4.03709e+2 1.94811e-26
4.28407e+2 1.92763e-26
4.54617e+2 1.91256e-26
4.82429e+2 1.89551e-26
5.11944e+2 1.87861e-26
5.43264e+2 1.87741e-26
5.76500e+2 1.86604e-26
6.11770e+2 1.86425e-26
6.49197e+2 1.86843e-26
6.88914e+2 1.87741e-26
7.31061e+2 1.88343e-26
7.75786e+2 1.89491e-26
8.23248e+2 1.90951e-26
8.73613e+2 1.92607e-26
9.30531e+2 1.95026e-26
9.83776e+2 1.98062e-26
1.04396e+3 2.00335e-26
1.10783e+3 2.01552e-26
1.17561e+3 2.04012e-26
1.24753e+3 2.08906e-26
1.32385e+3 2.12274e-26
1.40484e+3 2.18312e-26
1.49079e+3 2.22549e-26
1.58199e+3 2.26516e-26
1.67878e+3 2.30312e-26
1.78148e+3 2.35752e-26
1.89047e+3 2.41398e-26
2.00613e+3 2.47338e-26
2.12886e+3 2.54317e-26
2.25910e+3 2.61576e-26
2.39731e+3 2.68870e-26
2.54397e+3 2.76545e-26
2.69961e+3 2.84348e-26
2.86477e+3 2.92371e-26
3.04003e+3 3.00909e-26
3.22602e+3 3.10689e-26
3.42955e+3 3.22405e-26
3.65117e+3 3.30145e-26
4.09092e+3 3.53090e-26
4.36312e+3 3.63648e-26
4.60679e+3 3.78341e-26
4.90489e+3 3.91758e-26
5.18770e+3 4.02296e-26
5.50508e+3 4.16800e-26
5.84187e+3 4.34336e-26
6.19927e+3 4.46471e-26
6.57853e+3 4.66365e-26
6.98100e+3 4.79858e-26
7.40809e+3 5.01663e-26
7.86131e+3 5.16944e-26
8.34225e+3 5.38097e-26
8.85262e+3 5.54686e-26
9.39421e+3 5.76413e-26
9.96894e+3 5.99464e-26
1.05788e+4 6.21326e-26
1.12260e+4 6.46462e-26
1.19128e+4 6.71325e-26
1.26416e+4 6.99155e-26
1.34150e+4 7.26277e-26
1.42357e+4 7.55417e-26
1.51067e+4 7.85475e-26
1.60309e+4 8.19345e-26
1.70116e+4 8.54130e-26
1.80524e+4 8.90676e-26
1.91568e+4 9.28786e-26
2.03288e+4 9.69146e-26
2.15725e+4 1.01353e-25
2.28922e+4 1.06028e-25
2.42928e+4 1.10919e-25
2.57790e+4 1.15961e-25
2.73561e+4 1.21349e-25
2.90297e+4 1.26946e-25
3.08057e+4 1.33185e-25
3.26903e+4 1.40133e-25
3.46903e+4 1.47537e-25
3.68126e+4 1.55135e-25
3.90648e+4 1.63385e-25
4.14547e+4 1.72073e-25
4.39908e+4 1.81050e-25
4.66821e+4 1.90495e-25
4.95381e+4 2.00753e-25
5.25688e+4 2.12649e-25
5.57849e+4 2.25755e-25
5.91977e+4 2.39516e-25
6.28193e+4 2.54440e-25
6.66626e+4 2.69949e-25
7.07409e+4 2.86587e-25
7.50687e+4 3.04055e-25
7.96613e+4 3.23002e-25
8.45349e+4 3.42690e-25
8.97066e+4 3.63927e-25
9.51948e+4 3.86109e-25
9.88608e+4 4.01644e-25