bounds/cta/cta_2021_gc_ann_WW_sens_mstonly_statreach.ecsv
# %ECSV 0.9
# %Part of https://github.com/moritzhuetten/DMbounds under the 
# %Creative Commons Attribution-NonCommercial-ShareAlike 3.0 Unported License, see LICENSE.rst 
# ---
# datatype:
# - {name: mass      , unit: GeV     , datatype: float32 , description: DM mass              }
# - {name: sigmav    , unit: cm3s-1  , datatype: float32 , description: <sigmav>             }
# meta: !!omap
# - {reference:        "Sensitivity of the Cherenkov Telescope Array to a dark matter signal from the Galactic centre"}
# - {doi:              "10.1088/1475-7516/2021/01/057"}
# - {arxiv:            "2007.16129"}
# - {instrument:       "cta"}
# - {year:             "2021"}
# - {source:           "gc"}
# - {channel:          "WW"}
# - {confidence        "0.95" }
# - {dmfraction:       "1"}
# - {obs_time:         "525h"}
# - {figure:           "Fig. 24"}
# - {comment:          "sensitivity MST only, without systematic uncertainties"}
# - {status:           ""}
# schema : astropy −2.0

mass sigmav

1.00001e+2 3.22276e-25
1.03006e+2 2.73396e-25
1.03580e+2 2.51850e-25
1.04746e+2 2.24718e-25
1.06456e+2 2.06233e-25
1.07161e+2 1.86262e-25
1.09031e+2 1.63672e-25
1.10214e+2 1.52552e-25
1.12316e+2 1.36549e-25
1.14150e+2 1.24175e-25
1.16014e+2 1.14255e-25
1.17273e+2 1.08637e-25
1.19188e+2 9.82147e-26
1.20807e+2 9.22421e-26
1.23293e+2 8.33832e-26
1.25459e+2 7.79095e-26
1.28198e+2 6.98596e-26
1.30996e+2 6.38653e-26
1.33855e+2 5.94214e-26
1.36041e+2 5.62679e-26
1.40140e+2 5.07746e-26
1.43716e+2 4.68060e-26
1.47913e+2 4.23157e-26
1.54858e+2 3.72382e-26
1.58666e+2 3.50764e-26
1.64333e+2 3.20103e-26
1.68373e+2 3.02582e-26
1.74386e+2 2.75163e-26
1.78674e+2 2.59797e-26
1.87064e+2 2.35357e-26
1.94793e+2 2.16491e-26
2.02841e+2 2.00808e-26
2.13745e+2 1.84079e-26
2.21737e+2 1.73671e-26
2.38500e+2 1.56905e-26
2.52409e+2 1.44913e-26
2.65691e+2 1.35877e-26
2.88878e+2 1.23956e-26
3.07546e+2 1.16596e-26
3.25306e+2 1.11647e-26
3.48484e+2 1.05807e-26
3.66327e+2 1.01856e-26
4.01535e+2 9.50263e-27
4.19256e+2 9.28928e-27
4.54617e+2 8.92238e-27
4.74680e+2 8.73769e-27
5.14715e+2 8.43401e-27
5.37430e+2 8.31190e-27
5.82758e+2 8.09831e-27
6.10121e+2 7.99920e-27
6.63367e+2 7.87356e-27
6.94515e+2 7.80919e-27
7.55127e+2 7.73627e-27
7.90583e+2 7.70910e-27
8.64232e+2 7.66485e-27
9.04811e+2 7.65505e-27
9.83776e+2 7.65750e-27
1.02997e+3 7.70007e-27
1.11986e+3 7.75361e-27
1.17244e+3 7.77720e-27
1.28166e+3 7.89626e-27
1.33822e+3 7.95150e-27
1.45894e+3 8.07245e-27
1.52333e+3 8.14402e-27
1.66075e+3 8.31350e-27
1.73404e+3 8.40601e-27
1.89047e+3 8.62221e-27
1.97390e+3 8.72540e-27
2.14038e+3 8.97963e-27
2.24088e+3 9.13801e-27
2.43645e+3 9.41490e-27
2.54397e+3 9.56789e-27
2.75854e+3 9.86495e-27
2.88806e+3 1.00309e-26
3.14011e+3 1.03729e-26
3.26985e+3 1.05714e-26
3.55522e+3 1.09736e-26
3.70211e+3 1.11639e-26
4.02520e+3 1.16090e-26
4.20284e+3 1.18582e-26
4.53278e+3 1.23009e-26
4.73282e+3 1.25713e-26
5.13200e+3 1.30841e-26
5.35848e+3 1.33743e-26
5.81042e+3 1.39439e-26
6.06685e+3 1.42587e-26
6.57853e+3 1.49779e-26
6.98100e+3 1.55309e-26
7.40809e+3 1.61161e-26
7.85777e+3 1.65857e-26
8.34225e+3 1.71561e-26
8.85262e+3 1.77438e-26
9.39421e+3 1.83193e-26
9.88473e+3 1.89232e-26
1.06361e+4 1.96716e-26
1.10755e+4 2.01427e-26
1.19773e+4 2.11123e-26
1.27101e+4 2.19267e-26
1.34876e+4 2.27405e-26
1.43128e+4 2.35756e-26
1.51884e+4 2.44601e-26
1.61176e+4 2.53739e-26
1.71037e+4 2.67670e-26
1.81501e+4 2.75893e-26
1.92605e+4 2.87734e-26
2.04388e+4 3.02260e-26
2.16892e+4 3.14790e-26
2.30162e+4 3.29206e-26
2.44243e+4 3.47044e-26
2.59185e+4 3.62704e-26
2.75042e+4 3.78102e-26
2.91868e+4 3.94785e-26
3.09724e+4 4.12864e-26
3.28673e+4 4.33708e-26
3.48781e+4 4.55021e-26
3.70119e+4 4.77383e-26
3.92762e+4 5.00843e-26
4.16791e+4 5.25624e-26
4.42289e+4 5.51455e-26
4.69348e+4 5.78741e-26
4.98062e+4 6.07570e-26
5.28533e+4 6.41724e-26
5.60868e+4 6.77798e-26
5.95181e+4 7.16128e-26
6.31594e+4 7.56868e-26
6.70234e+4 7.99670e-26
7.11238e+4 8.44892e-26
7.54750e+4 8.93243e-26
8.00925e+4 9.43154e-26
8.49925e+4 9.96809e-26
9.01922e+4 1.05318e-25
9.57100e+4 1.11310e-25
9.91280e+4 1.15129e-25