dmbounds/bounds/cta/cta_2021_gc_ann_WW_sens_lstonly_statreach.ecsv
# %ECSV 0.9
# %Part of https://github.com/moritzhuetten/DMbounds under the 
# %Creative Commons Attribution-NonCommercial-ShareAlike 3.0 Unported License, see LICENSE.rst 
# ---
# datatype:
# - {name: mass      , unit: GeV     , datatype: float32 , description: DM mass              }
# - {name: sigmav    , unit: cm3s-1  , datatype: float32 , description: <sigmav>             }
# meta: !!omap
# - {reference:        "Sensitivity of the Cherenkov Telescope Array to a dark matter signal from the Galactic centre"}
# - {doi:              "10.1088/1475-7516/2021/01/057"}
# - {arxiv:            "2007.16129"}
# - {instrument:       "cta"}
# - {year:             "2021"}
# - {source:           "gc"}
# - {channel:          "WW"}
# - {confidence        "0.95" }
# - {dmfraction:       "1"}
# - {obs_time:         "525h"}
# - {figure:           "Fig. 24"}
# - {comment:          "sensitivity LST only, without systematic uncertainties"}
# - {status:           ""}
# schema : astropy −2.0

mass sigmav

1.00034e+2 3.60457e-26
1.04516e+2 3.20854e-26
1.07860e+2 2.93495e-26
1.11712e+2 2.69416e-26
1.15389e+2 2.51279e-26
1.20319e+2 2.30643e-26
1.22779e+2 2.22279e-26
1.26014e+2 2.11877e-26
1.30643e+2 2.02180e-26
1.36777e+2 1.86914e-26
1.47117e+2 1.70129e-26
1.57642e+2 1.58013e-26
1.65222e+2 1.51162e-26
1.80614e+2 1.39305e-26
1.89861e+2 1.34403e-26
2.03389e+2 1.28641e-26
2.13803e+2 1.25602e-26
2.29037e+2 1.21873e-26
2.39144e+2 1.20009e-26
2.59314e+2 1.16611e-26
2.70758e+2 1.15453e-26
2.95184e+2 1.13592e-26
3.08211e+2 1.12803e-26
3.36015e+2 1.12724e-26
3.51792e+2 1.12724e-26
3.84564e+2 1.12005e-26
4.01535e+2 1.11933e-26
4.37758e+2 1.13302e-26
4.57077e+2 1.14000e-26
4.98311e+2 1.15313e-26
5.18900e+2 1.16248e-26
5.73396e+2 1.18832e-26
5.97088e+2 1.19987e-26
6.45702e+2 1.22812e-26
6.74198e+2 1.24393e-26
7.35018e+2 1.28108e-26
7.67455e+2 1.30123e-26
8.32184e+2 1.34146e-26
8.68910e+2 1.36500e-26
9.42195e+2 1.41099e-26
9.83776e+2 1.43694e-26
1.06675e+3 1.49221e-26
1.11383e+3 1.52336e-26
1.20777e+3 1.58418e-26
1.26107e+3 1.61839e-26
1.36743e+3 1.68720e-26
1.42778e+3 1.72540e-26
1.54820e+3 1.80095e-26
1.61217e+3 1.84143e-26
1.74343e+3 1.92422e-26
1.96327e+3 2.07155e-26
2.08338e+3 2.14251e-26
2.31994e+3 2.28902e-26
2.50311e+3 2.39017e-26
2.60653e+3 2.44858e-26
2.81875e+3 2.57015e-26
2.96227e+3 2.65029e-26
3.17229e+3 2.76781e-26
3.33582e+3 2.86155e-26
3.62303e+3 3.01343e-26
3.91801e+3 3.14926e-26
4.48411e+3 3.45937e-26
4.68200e+3 3.56335e-26
4.91508e+3 3.70090e-26
5.21578e+3 3.81341e-26
5.53488e+3 3.95590e-26
5.87349e+3 4.12850e-26
6.23283e+3 4.28978e-26
6.61414e+3 4.47863e-26
7.01879e+3 4.62951e-26
7.44819e+3 4.81464e-26
7.90386e+3 5.02633e-26
8.38741e+3 5.20797e-26
8.90534e+3 5.50112e-26
9.44506e+3 5.78444e-26
1.00229e+4 6.01192e-26
1.06361e+4 6.23715e-26
1.12868e+4 6.48533e-26
1.19773e+4 6.73907e-26
1.27101e+4 7.01394e-26
1.34876e+4 7.29070e-26
1.43128e+4 7.57837e-26
1.51884e+4 7.88495e-26
1.61176e+4 8.22496e-26
1.71037e+4 8.57414e-26
1.81501e+4 8.94101e-26
1.92605e+4 9.32357e-26
2.04388e+4 9.72872e-26
2.16892e+4 1.01775e-25
2.30162e+4 1.06470e-25
2.44243e+4 1.11381e-25
2.59185e+4 1.16444e-25
2.75042e+4 1.21815e-25
2.91868e+4 1.27516e-25
3.09724e+4 1.33782e-25
3.28673e+4 1.40762e-25
3.48781e+4 1.48200e-25
3.70119e+4 1.55931e-25
3.92762e+4 1.64118e-25
4.16791e+4 1.72845e-25
4.42289e+4 1.81920e-25
4.69348e+4 1.91411e-25
4.98062e+4 2.01783e-25
5.28533e+4 2.13740e-25
5.60868e+4 2.26986e-25
5.95181e+4 2.40822e-25
6.31594e+4 2.55828e-25
6.70234e+4 2.71421e-25
7.11238e+4 2.88149e-25
7.54750e+4 3.05713e-25
8.00925e+4 3.24763e-25
8.49925e+4 3.44558e-25
9.01922e+4 3.65794e-25
9.57100e+4 3.88339e-25
9.91280e+4 4.02823e-25