dmbounds/bounds/cta/cta_2019_perseuscluster_dec_bb_sens.ecsv
# %ECSV 0.9
# %Part of https://github.com/moritzhuetten/DMbounds under the 
# %Creative Commons Attribution-NonCommercial-ShareAlike 3.0 Unported License, see LICENSE.rst 
# ---
# datatype:
# - {name: mass      , unit: TeV     , datatype: float32 , description: DM mass              }
# - {name: tau       , unit: s       , datatype: float32 , description: Lifetime             }
# meta: !!omap
# - {reference:        "Science with the Cherenkov Telescope Array"}
# - {doi:              "10.1142/10986"}
# - {arxiv:            "1709.07997"}
# - {instrument:       "cta"}
# - {year:             "2019"}
# - {source:           "perseuscluster"}
# - {channel:          "bb"}
# - {confidence        "0.95" }
# - {dmfraction:       "1"}
# - {obs_time:         "300h"}
# - {figure:           "Fig. 4.13"}
# - {comment:          "sensitivity"}
# - {status:           ""}
# schema : astropy −2.0

mass tau

2.066e-1 5.453e+23
2.173e-1 6.327e+23
2.246e-1 6.937e+23
2.321e-1 7.630e+23
2.399e-1 8.402e+23
2.479e-1 9.216e+23
2.562e-1 1.008e+24
2.648e-1 1.103e+24
2.737e-1 1.207e+24
2.829e-1 1.324e+24
2.924e-1 1.452e+24
3.022e-1 1.592e+24
3.129e-1 1.749e+24
3.248e-1 1.919e+24
3.370e-1 2.105e+24
3.498e-1 2.308e+24
3.630e-1 2.526e+24
3.767e-1 2.769e+24
3.910e-1 3.029e+24
4.057e-1 3.329e+24
4.211e-1 3.662e+24
4.370e-1 4.027e+24
4.544e-1 4.422e+24
4.735e-1 4.856e+24
4.935e-1 5.297e+24
5.142e-1 5.809e+24
5.359e-1 6.345e+24
5.584e-1 6.961e+24
5.831e-1 7.644e+24
6.101e-1 8.408e+24
6.384e-1 9.179e+24
6.680e-1 1.001e+25
6.990e-1 1.091e+25
7.314e-1 1.189e+25
7.654e-1 1.293e+25
8.009e-1 1.406e+25
8.380e-1 1.530e+25
8.769e-1 1.662e+25
9.175e-1 1.806e+25
9.601e-1 1.957e+25
1.005e+0 2.109e+25
1.051e+0 2.270e+25
1.100e+0 2.443e+25
1.151e+0 2.618e+25
1.204e+0 2.804e+25
1.260e+0 3.005e+25
1.319e+0 3.219e+25
1.380e+0 3.449e+25
1.444e+0 3.696e+25
1.511e+0 3.936e+25
1.581e+0 4.182e+25
1.654e+0 4.447e+25
1.731e+0 4.738e+25
1.811e+0 5.078e+25
1.896e+0 5.485e+25
1.983e+0 5.805e+25
2.075e+0 6.158e+25
2.171e+0 6.527e+25
2.272e+0 6.919e+25
2.377e+0 7.328e+25
2.488e+0 7.761e+25
2.603e+0 8.208e+25
2.724e+0 8.649e+25
2.850e+0 9.117e+25
2.982e+0 9.611e+25
3.120e+0 1.017e+26
3.265e+0 1.077e+26
3.417e+0 1.138e+26
3.575e+0 1.195e+26
3.741e+0 1.253e+26
3.914e+0 1.314e+26
4.096e+0 1.382e+26
4.286e+0 1.456e+26
4.485e+0 1.533e+26
4.693e+0 1.601e+26
4.910e+0 1.666e+26
5.138e+0 1.732e+26
5.376e+0 1.810e+26
5.626e+0 1.899e+26
5.886e+0 1.990e+26
6.159e+0 2.093e+26
6.445e+0 2.188e+26
6.744e+0 2.273e+26
7.057e+0 2.374e+26
7.384e+0 2.469e+26
7.727e+0 2.567e+26
8.085e+0 2.665e+26
8.460e+0 2.767e+26
8.852e+0 2.876e+26
9.263e+0 2.993e+26
9.692e+0 3.117e+26
1.014e+1 3.251e+26
1.061e+1 3.393e+26
1.110e+1 3.539e+26
1.162e+1 3.677e+26
1.216e+1 3.826e+26
1.272e+1 3.964e+26
1.331e+1 4.091e+26
1.393e+1 4.225e+26
1.458e+1 4.363e+26
1.525e+1 4.524e+26
1.596e+1 4.699e+26
1.670e+1 4.872e+26
1.747e+1 5.048e+26
1.841e+1 5.287e+26
