dmbounds/bounds/cta/cta_2021_gc_ann_WW_sens_mstonly.ecsv
# %ECSV 0.9
# %Part of https://github.com/moritzhuetten/DMbounds under the 
# %Creative Commons Attribution-NonCommercial-ShareAlike 3.0 Unported License, see LICENSE.rst 
# ---
# datatype:
# - {name: mass      , unit: GeV     , datatype: float32 , description: DM mass              }
# - {name: sigmav    , unit: cm3s-1  , datatype: float32 , description: <sigmav>             }
# meta: !!omap
# - {reference:        "Sensitivity of the Cherenkov Telescope Array to a dark matter signal from the Galactic centre"}
# - {doi:              "10.1088/1475-7516/2021/01/057"}
# - {arxiv:            "2007.16129"}
# - {instrument:       "cta"}
# - {year:             "2021"}
# - {source:           "gc"}
# - {channel:          "WW"}
# - {confidence        "0.95" }
# - {dmfraction:       "1"}
# - {obs_time:         "525h"}
# - {figure:           "Fig. 24"}
# - {comment:          "sensitivity MST only, with systematic uncertainties"}
# - {status:           ""}
# schema : astropy −2.0

mass sigmav

1.01094e+2 4.00703e-25
1.04160e+2 3.08107e-25
1.02669e+2 3.44448e-25
1.05734e+2 2.72436e-25
1.06591e+2 2.47749e-25
1.08923e+2 2.06219e-25
1.15445e+2 1.53016e-25
1.12316e+2 1.72683e-25
1.19196e+2 1.27271e-25
1.22118e+2 1.10564e-25
1.26616e+2 9.52430e-26
1.31562e+2 8.22759e-26
1.34127e+2 7.52824e-26
1.38636e+2 6.81842e-26
1.42428e+2 6.23994e-26
1.46325e+2 5.71859e-26
1.54025e+2 4.93423e-26
1.59095e+2 4.56139e-26
1.64333e+2 4.21177e-26
1.69742e+2 3.89351e-26
1.75330e+2 3.59720e-26
1.81591e+2 3.32288e-26
1.88585e+2 3.08313e-26
1.96376e+2 2.84974e-26
2.05597e+2 2.63582e-26
2.16416e+2 2.43484e-26
2.29037e+2 2.25429e-26
2.43049e+2 2.08639e-26
2.57918e+2 1.93286e-26
2.73697e+2 1.81367e-26
2.90442e+2 1.70838e-26
3.08211e+2 1.62316e-26
3.27067e+2 1.55457e-26
3.47076e+2 1.48983e-26
3.68310e+2 1.42687e-26
3.90842e+2 1.36657e-26
4.14754e+2 1.32144e-26
4.40128e+2 1.28395e-26
4.67054e+2 1.24752e-26
4.95628e+2 1.21328e-26
5.25950e+2 1.18642e-26
5.58127e+2 1.16239e-26
5.92272e+2 1.13883e-26
6.28507e+2 1.12005e-26
6.66958e+2 1.10369e-26
7.07762e+2 1.09269e-26
7.51062e+2 1.07650e-26
7.97011e+2 1.06486e-26
8.45771e+2 1.05604e-26
8.97514e+2 1.04796e-26
9.52423e+2 1.04062e-26
1.01069e+3 1.03398e-26
1.07252e+3 1.03233e-26
1.13814e+3 1.03233e-26
1.20777e+3 1.03233e-26
1.28166e+3 1.03233e-26
1.36007e+3 1.03233e-26
1.44328e+3 1.03431e-26
1.53157e+3 1.03962e-26
1.62527e+3 1.04596e-26
1.72471e+3 1.05199e-26
1.83022e+3 1.06112e-26
1.94219e+3 1.07101e-26
2.06101e+3 1.08306e-26
2.18710e+3 1.09841e-26
2.32091e+3 1.11398e-26
2.46290e+3 1.12976e-26
2.61357e+3 1.14578e-26
2.77347e+3 1.16201e-26
2.94315e+3 1.17848e-26
3.12320e+3 1.19939e-26
3.31428e+3 1.22420e-26
3.51704e+3 1.24832e-26
3.73221e+3 1.27291e-26
3.96054e+3 1.29923e-26
4.20284e+3 1.32950e-26
4.45997e+3 1.36047e-26
4.73282e+3 1.39171e-26
5.02237e+3 1.42505e-26
5.32963e+3 1.46338e-26
5.65569e+3 1.50179e-26
6.00170e+3 1.54564e-26
6.36887e+3 1.58064e-26
6.75851e+3 1.62627e-26
7.17199e+3 1.67323e-26
7.61076e+3 1.72816e-26
8.07638e+3 1.79119e-26
8.57048e+3 1.83761e-26
9.09482e+3 1.88584e-26
9.65122e+3 1.93954e-26
1.02417e+4 2.01105e-26
1.08682e+4 2.07707e-26
1.15332e+4 2.14173e-26
1.21818e+4 2.21240e-26
1.29875e+4 2.29319e-26
1.37820e+4 2.39556e-26
1.46252e+4 2.46117e-26
1.55200e+4 2.57338e-26
1.64695e+4 2.66882e-26
1.74770e+4 2.76580e-26
1.85463e+4 2.88378e-26
1.96809e+4 2.97274e-26
2.08849e+4 3.10689e-26
2.21627e+4 3.23879e-26
2.35185e+4 3.38169e-26
2.49574e+4 3.52751e-26
2.64842e+4 3.68197e-26
2.81045e+4 3.84074e-26
2.98239e+4 4.01021e-26
3.16485e+4 4.20325e-26
3.35847e+4 4.41263e-26
3.56394e+4 4.63244e-26
3.78198e+4 4.85699e-26
4.01335e+4 5.09894e-26
4.25888e+4 5.34610e-26
4.51944e+4 5.61241e-26
4.79593e+4 5.89011e-26
5.08934e+4 6.19540e-26
5.40070e+4 6.54576e-26
5.73111e+4 6.91372e-26
6.08173e+4 7.30704e-26
6.45380e+4 7.72273e-26
6.84863e+4 8.15685e-26
7.26763e+4 8.62365e-26
7.71225e+4 9.10841e-26
8.18407e+4 9.62350e-26
8.68477e+4 1.01710e-25
9.21609e+4 1.07462e-25
9.72727e+4 1.13011e-25