bounds/hess/hess_2012_fornaxcluster_ann_bb_nfwrb02_theta1deg.ecsv
# %ECSV 0.9
# %Part of https://github.com/moritzhuetten/DMbounds under the 
# %Creative Commons Attribution-NonCommercial-ShareAlike 3.0 Unported License, see LICENSE.rst 
# ---
# datatype:
# - {name: mass      , unit: TeV     , datatype: float32 , description: DM mass              }
# - {name: sigmav    , unit: cm3s-1  , datatype: float32 , description: <sigmav>             }
# meta: !!omap
# - {reference:        "Search for Dark Matter Annihilation Signals From the Fornax Galaxy Cluster With H.E.S.S."}
# - {doi:              "10.1088/0004-637X/783/1/63"}
# - {arxiv:            "1202.5494"}
# - {instrument:       "hess"}
# - {year:             "2012"}
# - {source:           "fornaxcluster"}
# - {channel:          "bb"}
# - {confidence        "0.95"}
# - {dmfraction:       "1"}
# - {obs_time:         "14.5h"}
# - {figure:           "Fig. 5 erratum"}
# - {comment:          "NFW RB02, theta = 1.0 degrees"}
# - {status:           ""}
# schema : astropy −2.0

mass sigmav

1.651e-1 9.712e-19
1.671e-1 8.315e-19
1.688e-1 7.248e-19
1.706e-1 6.318e-19
1.726e-1 5.393e-19
1.744e-1 4.591e-19
1.762e-1 3.906e-19
1.783e-1 3.357e-19
1.821e-1 2.895e-19
1.868e-1 2.483e-19
1.917e-1 2.113e-19
1.968e-1 1.795e-19
2.020e-1 1.531e-19
2.073e-1 1.317e-19
2.127e-1 1.129e-19
2.188e-1 9.636e-20
2.246e-1 8.231e-20
2.305e-1 7.121e-20
2.367e-1 6.109e-20
2.446e-1 5.273e-20
2.531e-1 4.549e-20
2.628e-1 3.922e-20
2.723e-1 3.379e-20
2.839e-1 3.016e-20
2.988e-1 2.686e-20
3.156e-1 2.314e-20
3.333e-1 2.031e-20
3.528e-1 1.781e-20
3.736e-1 1.537e-20
3.955e-1 1.317e-20
4.188e-1 1.188e-20
4.434e-1 1.083e-20
4.694e-1 9.863e-21
4.970e-1 8.966e-21
5.262e-1 8.161e-21
5.571e-1 7.433e-21
5.899e-1 6.782e-21
6.245e-1 6.306e-21
6.612e-1 5.856e-21
7.001e-1 5.445e-21
7.412e-1 5.062e-21
7.848e-1 4.790e-21
8.309e-1 4.484e-21
8.797e-1 4.187e-21
9.314e-1 3.964e-21
9.861e-1 3.778e-21
1.044e+0 3.595e-21
1.105e+0 3.416e-21
1.170e+0 3.262e-21
1.239e+0 3.115e-21
1.312e+0 2.980e-21
1.389e+0 2.879e-21
1.471e+0 2.778e-21
1.557e+0 2.688e-21
1.649e+0 2.600e-21
1.745e+0 2.531e-21
1.848e+0 2.474e-21
1.957e+0 2.416e-21
2.071e+0 2.387e-21
2.193e+0 2.358e-21
2.322e+0 2.335e-21
2.459e+0 2.314e-21
2.603e+0 2.293e-21
2.756e+0 2.265e-21
2.918e+0 2.249e-21
3.089e+0 2.250e-21
3.271e+0 2.263e-21
3.463e+0 2.272e-21
3.667e+0 2.293e-21
3.882e+0 2.294e-21
4.110e+0 2.330e-21
4.352e+0 2.365e-21
4.607e+0 2.400e-21
4.878e+0 2.434e-21
5.165e+0 2.481e-21
5.468e+0 2.536e-21
5.789e+0 2.592e-21
6.129e+0 2.653e-21
6.490e+0 2.726e-21
6.871e+0 2.801e-21
7.275e+0 2.877e-21
7.702e+0 2.959e-21
8.155e+0 3.052e-21
8.634e+0 3.163e-21
9.141e+0 3.272e-21
9.678e+0 3.388e-21
1.025e+1 3.520e-21
1.085e+1 3.661e-21
1.149e+1 3.811e-21
1.216e+1 3.981e-21
1.288e+1 4.181e-21
1.363e+1 4.392e-21
1.443e+1 4.611e-21
1.528e+1 4.852e-21
1.618e+1 5.112e-21
1.713e+1 5.389e-21
1.814e+1 5.681e-21
1.920e+1 5.989e-21
2.033e+1 6.321e-21
2.153e+1 6.688e-21
2.279e+1 7.081e-21
2.413e+1 7.483e-21
2.555e+1 7.922e-21
2.705e+1 8.377e-21
2.864e+1 8.864e-21
3.032e+1 9.407e-21
3.210e+1 1.003e-20
3.399e+1 1.070e-20
3.599e+1 1.140e-20
3.810e+1 1.215e-20
4.034e+1 1.296e-20
4.271e+1 1.381e-20
4.522e+1 1.473e-20
4.788e+1 1.570e-20
5.069e+1 1.680e-20
5.367e+1 1.797e-20
5.682e+1 1.934e-20
6.016e+1 2.069e-20
6.369e+1 2.225e-20
6.744e+1 2.383e-20
7.140e+1 2.562e-20
7.559e+1 2.744e-20
8.004e+1 2.946e-20
8.474e+1 3.159e-20
9.012e+1 3.401e-20
9.876e+1 3.814e-20